0.00 0.0000
0.01 0.0000
0.02 0.0000
0.03 0.0000
0.04 0.0000
0.05 0.0000
0.06 0.0000
0.07 0.0000
0.08 0.0000
0.09 0.0000
0.10 0.0000
0.11 0.0000
0.12 0.0000
0.13 0.0000
0.14 0.0000
0.15 0.0000
0.16 0.0000
0.17 0.0000
0.18 0.0000
0.19 0.0000
0.20 0.0000
0.21 0.0000
0.22 0.0000
0.23 0.0000
0.24 0.0000
0.25 0.0000
0.26 0.0000
0.27 0.0000
0.28 0.0000
0.29 0.0000
0.30 0.0000
0.31 499.2613
0.32 499.2613
0.33 499.2613
0.34 497.4622
0.35 495.6695
0.36 490.3302
0.37 488.5632
0.38 485.0483
0.39 481.5588
0.40 478.0943
0.41 474.6548
0.42 474.6548
0.43 474.6548
0.44 474.6548
0.45 476.3714
0.46 478.0943
0.47 479.8234
0.48 483.3004
0.49 486.8026
0.50 492.1035
0.51 497.4622
0.52 499.2613
0.53 501.0670
0.54 501.0670
0.55 501.0670
0.56 501.0670
0.57 499.2613
0.58 497.4622
0.59 497.4622
0.60 495.6695
0.61 495.6695
0.62 495.6695
0.63 497.4622
0.64 497.4622
0.65 497.4622
0.66 497.4622
0.67 497.4622
0.68 497.4622
0.69 497.4622
0.70 497.4622
0.71 497.4622
0.72 497.4622
0.73 499.2613
0.74 499.2613
0.75 499.2613
0.76 499.2613
0.77 499.2613
0.78 501.0670
0.79 501.0670
0.80 501.0670
0.81 502.8792
0.82 502.8792
0.83 502.8792
0.84 502.8792
0.85 501.0670
0.86 501.0670
0.87 501.0670
0.88 501.0670
0.89 501.0670
0.90 499.2613
0.91 497.4622
0.92 495.6695
0.93 0.0000
0.94 0.0000
0.95 0.0000
0.96 0.0000
0.97 0.0000
0.98 0.0000
0.99 0.0000
1.00 0.0000
1.01 0.0000
1.02 0.0000
1.03 0.0000
1.04 0.0000
1.05 0.0000
1.06 0.0000
1.07 0.0000
1.08 0.0000
1.09 0.0000
1.10 0.0000
1.11 515.7494
1.12 515.7494
1.13 515.7494
1.14 513.8908
1.15 513.8908
1.16 512.0389
1.17 508.3552
1.18 508.3552
1.19 504.6979
1.20 502.8792
1.21 499.2613
1.22 495.6695
1.23 493.8833
1.24 488.5632
1.25 488.5632
1.26 488.5632
1.27 488.5632
1.28 488.5632
1.29 488.5632
1.30 490.3302
1.31 490.3302
1.32 495.6695
1.33 495.6695
1.34 495.6695
1.35 495.6695
1.36 495.6695
1.37 495.6695
1.38 493.8833
1.39 492.1035
1.40 488.5632
1.41 486.8026
1.42 479.8234
1.43 474.6548
1.44 466.1638
1.45 440.0000
1.46 438.4144
1.47 433.6918
1.48 432.1289
1.49 429.0201
1.50 429.0201
1.51 429.0201
1.52 430.5717
1.53 432.1289
1.54 433.6918
1.55 436.8345
1.56 436.8345
1.57 438.4144
1.58 438.4144
1.59 440.0000
1.60 440.0000
1.61 440.0000
1.62 440.0000
1.63 440.0000
1.64 440.0000
1.65 440.0000
1.66 440.0000
1.67 440.0000
1.68 440.0000
1.69 440.0000
1.70 440.0000
1.71 441.5913
1.72 441.5913
1.73 441.5913
1.74 441.5913
1.75 441.5913
1.76 441.5913
1.77 440.0000
1.78 440.0000
1.79 0.0000
1.80 0.0000
1.81 0.0000
1.82 0.0000
1.83 0.0000
1.84 0.0000
1.85 0.0000
1.86 0.0000
1.87 0.0000
1.88 0.0000
1.89 0.0000
1.90 0.0000
1.91 0.0000
1.92 0.0000
1.93 0.0000
1.94 0.0000
1.95 0.0000
1.96 0.0000
1.97 506.5233
1.98 506.5233
1.99 506.5233
2.00 506.5233
2.01 504.6979
2.02 502.8792
2.03 501.0670
2.04 501.0670
2.05 499.2613
2.06 499.2613
2.07 497.4622
2.08 495.6695
2.09 495.6695
2.10 495.6695
2.11 493.8833
2.12 493.8833
2.13 493.8833
2.14 495.6695
2.15 495.6695
2.16 495.6695
2.17 495.6695
2.18 497.4622
2.19 499.2613
2.20 501.0670
2.21 502.8792
2.22 504.6979
2.23 506.5233
2.24 508.3552
2.25 508.3552
2.26 508.3552
2.27 508.3552
2.28 508.3552
2.29 508.3552
2.30 506.5233
2.31 506.5233
2.32 504.6979
2.33 504.6979
2.34 504.6979
2.35 506.5233
2.36 506.5233
2.37 508.3552
2.38 508.3552
2.39 508.3552
2.40 508.3552
2.41 508.3552
2.42 508.3552
2.43 508.3552
2.44 506.5233
2.45 506.5233
2.46 502.8792
2.47 501.0670
2.48 495.6695
2.49 495.6695
2.50 495.6695
2.51 495.6695
2.52 495.6695
2.53 497.4622
2.54 497.4622
2.55 497.4622
2.56 497.4622
2.57 499.2613
2.58 499.2613
2.59 499.2613
2.60 499.2613
2.61 499.2613
2.62 499.2613
2.63 499.2613
2.64 499.2613
2.65 499.2613
2.66 499.2613
2.67 497.4622
2.68 497.4622
2.69 497.4622
2.70 495.6695
2.71 495.6695
2.72 495.6695
2.73 495.6695
2.74 495.6695
2.75 497.4622
2.76 497.4622
2.77 497.4622
2.78 497.4622
2.79 499.2613
2.80 499.2613
2.81 499.2613
2.82 499.2613
2.83 499.2613
2.84 499.2613
2.85 499.2613
2.86 499.2613
2.87 499.2613
2.88 499.2613
2.89 499.2613
2.90 499.2613
2.91 499.2613
2.92 497.4622
2.93 497.4622
2.94 497.4622
2.95 497.4622
2.96 497.4622
2.97 497.4622
2.98 497.4622
2.99 497.4622
3.00 499.2613
3.01 499.2613
3.02 501.0670
3.03 502.8792
3.04 508.3552
3.05 521.3655
3.06 523.2511
3.07 536.6427
3.08 536.6427
3.09 556.3702
3.10 574.7443
3.11 595.8724
3.12 595.8724
3.13 595.8724
3.14 595.8724
3.15 595.8724
3.16 591.5856
3.17 591.5856
3.18 589.4537
3.19 589.4537
3.20 589.4537
3.21 589.4537
3.22 589.4537
3.23 589.4537
3.24 589.4537
3.25 591.5856
3.26 591.5856
3.27 591.5856
3.28 591.5856
3.29 591.5856
3.30 591.5856
3.31 595.8724
3.32 595.8724
3.33 595.8724
3.34 595.8724
3.35 593.7251
3.36 591.5856
3.37 589.4537
3.38 0.0000
3.39 0.0000
3.40 0.0000
3.41 0.0000
3.42 0.0000
3.43 0.0000
3.44 0.0000
3.45 0.0000
3.46 0.0000
3.47 0.0000
3.48 0.0000
3.49 0.0000
3.50 0.0000
3.51 0.0000
3.52 0.0000
3.53 0.0000
3.54 0.0000
3.55 0.0000
3.56 0.0000
3.57 0.0000
3.58 0.0000
3.59 0.0000
3.60 0.0000
3.61 0.0000
3.62 0.0000
3.63 0.0000
3.64 0.0000
3.65 0.0000
3.66 0.0000
3.67 0.0000
3.68 0.0000
3.69 0.0000
3.70 0.0000
3.71 0.0000
3.72 0.0000
3.73 0.0000
3.74 495.6695
3.75 497.4622
3.76 499.2613
3.77 501.0670
3.78 501.0670
3.79 501.0670
3.80 499.2613
3.81 499.2613
3.82 497.4622
3.83 497.4622
3.84 497.4622
3.85 497.4622
3.86 497.4622
3.87 497.4622
3.88 497.4622
3.89 497.4622
3.90 495.6695
3.91 495.6695
3.92 495.6695
3.93 492.1035
3.94 490.3302
3.95 486.8026
3.96 486.8026
3.97 486.8026
3.98 488.5632
3.99 490.3302
4.00 497.4622
4.01 502.8792
4.02 510.1937
4.03 519.4867
4.04 519.4867
4.05 519.4867
4.06 515.7494
4.07 513.8908
4.08 513.8908
4.09 508.3552
4.10 506.5233
4.11 504.6979
4.12 504.6979
4.13 502.8792
4.14 502.8792
4.15 497.4622
4.16 0.0000
4.17 0.0000
4.18 0.0000
4.19 0.0000
4.20 0.0000
4.21 0.0000
4.22 0.0000
4.23 0.0000
4.24 0.0000
4.25 0.0000
4.26 0.0000
4.27 0.0000
4.28 0.0000
4.29 0.0000
4.30 0.0000
4.31 0.0000
4.32 0.0000
4.33 0.0000
4.34 0.0000
4.35 504.6979
4.36 504.6979
4.37 504.6979
4.38 502.8792
4.39 501.0670
4.40 501.0670
4.41 499.2613
4.42 499.2613
4.43 497.4622
4.44 497.4622
4.45 497.4622
4.46 499.2613
4.47 499.2613
4.48 499.2613
4.49 499.2613
4.50 499.2613
4.51 499.2613
4.52 499.2613
4.53 499.2613
4.54 499.2613
4.55 499.2613
4.56 499.2613
4.57 499.2613
4.58 497.4622
4.59 495.6695
4.60 495.6695
4.61 488.5632
4.62 479.8234
4.63 474.6548
4.64 472.9443
4.65 427.4741
4.66 427.4741
4.67 427.4741
4.68 429.0201
4.69 432.1289
4.70 433.6918
4.71 444.7913
4.72 444.7913
4.73 446.3999
4.74 448.0144
4.75 448.0144
4.76 448.0144
4.77 446.3999
4.78 444.7913
4.79 444.7913
4.80 443.1884
4.81 443.1884
4.82 443.1884
4.83 443.1884
4.84 444.7913
4.85 444.7913
4.86 444.7913
4.87 443.1884
4.88 443.1884
4.89 443.1884
4.90 441.5913
4.91 441.5913
4.92 441.5913
4.93 441.5913
4.94 441.5913
4.95 440.0000
4.96 0.0000
4.97 0.0000
4.98 0.0000
4.99 0.0000
5.00 0.0000
5.01 0.0000
5.02 0.0000
5.03 0.0000
5.04 0.0000
5.05 0.0000
5.06 0.0000
5.07 0.0000
5.08 0.0000
5.09 0.0000
5.10 0.0000
5.11 0.0000
5.12 0.0000
5.13 0.0000
5.14 0.0000
5.15 0.0000
5.16 0.0000
5.17 400.5790
5.18 400.5790
5.19 402.0278
5.20 403.4818
5.21 404.9410
5.22 404.9410
5.23 404.9410
5.24 404.9410
5.25 403.4818
5.26 403.4818
5.27 396.2640
5.28 396.2640
5.29 396.2640
5.30 396.2640
5.31 396.2640
5.32 396.2640
5.33 396.2640
5.34 396.2640
5.35 396.2640
5.36 396.2640
5.37 396.2640
5.38 396.2640
5.39 394.8360
5.40 394.8360
5.41 394.8360
5.42 393.4132
5.43 393.4132
5.44 391.9954
5.45 391.9954
5.46 390.5828
5.47 390.5828
5.48 390.5828
5.49 390.5828
5.50 390.5828
5.51 390.5828
5.52 390.5828
5.53 390.5828
5.54 390.5828
5.55 390.5828
5.56 390.5828
5.57 391.9954
5.58 391.9954
5.59 391.9954
5.60 391.9954
5.61 391.9954
5.62 391.9954
5.63 391.9954
5.64 391.9954
5.65 391.9954
5.66 391.9954
5.67 390.5828
5.68 390.5828
5.69 390.5828
5.70 390.5828
5.71 389.1753
5.72 389.1753
5.73 389.1753
5.74 389.1753
5.75 389.1753
5.76 389.1753
5.77 387.7729
5.78 387.7729
5.79 387.7729
5.80 387.7729
5.81 389.1753
5.82 389.1753
5.83 393.4132
5.84 393.4132
5.85 399.1355
5.86 403.4818
5.87 403.4818
5.88 403.4818
5.89 403.4818
5.90 403.4818
5.91 400.5790
5.92 396.2640
5.93 393.4132
5.94 0.0000
5.95 0.0000
5.96 0.0000
5.97 0.0000
5.98 0.0000
5.99 0.0000
6.00 0.0000
6.01 0.0000
6.02 0.0000
6.03 0.0000
6.04 0.0000
6.05 0.0000
6.06 0.0000
6.07 0.0000
6.08 0.0000
6.09 0.0000
6.10 0.0000
6.11 0.0000
6.12 0.0000
6.13 0.0000
6.14 0.0000
6.15 0.0000
6.16 0.0000
6.17 0.0000
6.18 0.0000
6.19 0.0000
6.20 0.0000
6.21 0.0000
6.22 0.0000
6.23 0.0000
6.24 0.0000
6.25 0.0000
6.26 0.0000
6.27 0.0000
6.28 0.0000
6.29 0.0000
6.30 0.0000
6.31 0.0000
6.32 0.0000
6.33 0.0000
6.34 0.0000
6.35 0.0000
6.36 0.0000
6.37 0.0000
6.38 0.0000
6.39 0.0000
6.40 0.0000
6.41 0.0000
6.42 0.0000
6.43 0.0000
6.44 0.0000
6.45 0.0000
6.46 0.0000
6.47 0.0000
6.48 0.0000
6.49 0.0000
6.50 0.0000
6.51 0.0000
6.52 0.0000
6.53 0.0000
6.54 0.0000
6.55 0.0000
6.56 0.0000
6.57 0.0000
6.58 0.0000
6.59 0.0000
6.60 0.0000
6.61 0.0000
6.62 0.0000
6.63 0.0000
6.64 0.0000
6.65 0.0000
6.66 0.0000
6.67 0.0000
6.68 0.0000
6.69 0.0000
6.70 0.0000
6.71 394.8360
6.72 394.8360
6.73 394.8360
6.74 394.8360
6.75 393.4132
6.76 393.4132
6.77 391.9954
6.78 390.5828
6.79 387.7729
6.80 387.7729
6.81 386.3755
6.82 386.3755
6.83 386.3755
6.84 386.3755
6.85 387.7729
6.86 389.1753
6.87 390.5828
6.88 393.4132
6.89 394.8360
6.90 399.1355
6.91 403.4818
6.92 403.4818
6.93 403.4818
6.94 402.0278
6.95 400.5790
6.96 399.1355
6.97 396.2640
6.98 393.4132
6.99 389.1753
7.00 387.7729
7.01 387.7729
7.02 387.7729
7.03 389.1753
7.04 389.1753
7.05 389.1753
7.06 389.1753
7.07 390.5828
7.08 390.5828
7.09 390.5828
7.10 391.9954
7.11 393.4132
7.12 393.4132
7.13 394.8360
7.14 394.8360
7.15 394.8360
7.16 394.8360
7.17 394.8360
7.18 394.8360
7.19 394.8360
7.20 394.8360
7.21 394.8360
7.22 394.8360
7.23 394.8360
7.24 394.8360
7.25 394.8360
7.26 394.8360
7.27 394.8360
7.28 394.8360
7.29 394.8360
7.30 393.4132
7.31 393.4132
7.32 391.9954
7.33 0.0000
7.34 0.0000
7.35 0.0000
7.36 0.0000
7.37 0.0000
7.38 0.0000
7.39 0.0000
7.40 0.0000
7.41 0.0000
7.42 0.0000
7.43 0.0000
7.44 0.0000
7.45 0.0000
7.46 0.0000
7.47 0.0000
7.48 0.0000
7.49 0.0000
7.50 0.0000
7.51 0.0000
7.52 400.5790
7.53 400.5790
7.54 400.5790
7.55 399.1355
7.56 399.1355
7.57 399.1355
7.58 399.1355
7.59 397.6971
7.60 397.6971
7.61 394.8360
7.62 394.8360
7.63 393.4132
7.64 393.4132
7.65 393.4132
7.66 393.4132
7.67 394.8360
7.68 396.2640
7.69 397.6971
7.70 399.1355
7.71 399.1355
7.72 399.1355
7.73 399.1355
7.74 399.1355
7.75 399.1355
7.76 399.1355
7.77 399.1355
7.78 399.1355
7.79 399.1355
7.80 399.1355
7.81 399.1355
7.82 400.5790
7.83 403.4818
7.84 407.8754
7.85 418.3142
7.86 427.4741
7.87 430.5717
7.88 444.7913
7.89 448.0144
7.90 449.6347
7.91 449.6347
7.92 449.6347
7.93 449.6347
7.94 449.6347
7.95 449.6347
7.96 449.6347
7.97 449.6347
7.98 449.6347
7.99 449.6347
8.00 449.6347
8.01 449.6347
8.02 449.6347
8.03 449.6347
8.04 449.6347
8.05 449.6347
8.06 449.6347
8.07 449.6347
8.08 449.6347
8.09 449.6347
8.10 449.6347
8.11 449.6347
8.12 449.6347
8.13 449.6347
8.14 446.3999
8.15 0.0000
8.16 0.0000
8.17 0.0000
8.18 0.0000
8.19 0.0000
8.20 0.0000
8.21 0.0000
8.22 0.0000
8.23 0.0000
8.24 0.0000
8.25 0.0000
8.26 0.0000
8.27 0.0000
8.28 0.0000
8.29 0.0000
8.30 0.0000
8.31 0.0000
8.32 0.0000
8.33 0.0000
8.34 0.0000
8.35 499.2613
8.36 499.2613
8.37 499.2613
8.38 497.4622
8.39 495.6695
8.40 495.6695
8.41 490.3302
8.42 488.5632
8.43 486.8026
8.44 486.8026
8.45 486.8026
8.46 486.8026
8.47 486.8026
8.48 488.5632
8.49 495.6695
8.50 501.0670
8.51 506.5233
8.52 512.0389
8.53 513.8908
8.54 513.8908
8.55 513.8908
8.56 512.0389
8.57 512.0389
8.58 506.5233
8.59 504.6979
8.60 502.8792
8.61 495.6695
8.62 490.3302
8.63 490.3302
8.64 488.5632
8.65 488.5632
8.66 488.5632
8.67 488.5632
8.68 0.0000
8.69 0.0000
8.70 0.0000
8.71 0.0000
8.72 0.0000
8.73 495.6695
8.74 495.6695
8.75 495.6695
8.76 495.6695
8.77 495.6695
8.78 495.6695
8.79 495.6695
8.80 495.6695
8.81 497.4622
8.82 497.4622
8.83 497.4622
8.84 497.4622
8.85 497.4622
8.86 497.4622
8.87 497.4622
8.88 497.4622
8.89 497.4622
8.90 497.4622
8.91 495.6695
8.92 495.6695
8.93 492.1035
8.94 488.5632
8.95 0.0000
8.96 0.0000
8.97 0.0000
8.98 0.0000
8.99 0.0000
9.00 0.0000
9.01 0.0000
9.02 0.0000
9.03 0.0000
9.04 0.0000
9.05 0.0000
9.06 0.0000
9.07 0.0000
9.08 0.0000
9.09 0.0000
9.10 0.0000
9.11 0.0000
9.12 0.0000
9.13 0.0000
9.14 0.0000
9.15 0.0000
9.16 0.0000
9.17 0.0000
9.18 0.0000
9.19 0.0000
9.20 0.0000
9.21 0.0000
9.22 0.0000
9.23 0.0000
9.24 0.0000
9.25 0.0000
9.26 0.0000
9.27 0.0000
9.28 0.0000
9.29 0.0000
9.30 499.2613
9.31 499.2613
9.32 501.0670
9.33 501.0670
9.34 501.0670
9.35 501.0670
9.36 501.0670
9.37 501.0670
9.38 501.0670
9.39 501.0670
9.40 502.8792
9.41 502.8792
9.42 504.6979
9.43 519.4867
9.44 521.3655
9.45 532.7819
9.46 536.6427
9.47 568.5531
9.48 589.4537
9.49 591.5856
9.50 591.5856
9.51 591.5856
9.52 591.5856
9.53 591.5856
9.54 589.4537
9.55 589.4537
9.56 585.2130
9.57 583.1041
9.58 583.1041
9.59 583.1041
9.60 583.1041
9.61 0.0000
9.62 0.0000
9.63 0.0000
9.64 0.0000
9.65 589.4537
9.66 589.4537
9.67 591.5856
9.68 591.5856
9.69 595.8724
9.70 598.0275
9.71 598.0275
9.72 598.0275
9.73 598.0275
9.74 598.0275
9.75 593.7251
9.76 591.5856
9.77 0.0000
9.78 0.0000
9.79 0.0000
9.80 0.0000
9.81 0.0000
9.82 0.0000
9.83 0.0000
9.84 0.0000
9.85 0.0000
9.86 0.0000
9.87 0.0000
9.88 0.0000
9.89 0.0000
9.90 0.0000
9.91 0.0000
9.92 0.0000
9.93 0.0000
9.94 0.0000
9.95 0.0000
9.96 0.0000
9.97 0.0000
9.98 497.4622
9.99 499.2613
10.00 499.2613
10.01 499.2613
10.02 499.2613
10.03 499.2613
10.04 499.2613
10.05 499.2613
10.06 499.2613
10.07 497.4622
10.08 497.4622
10.09 497.4622
10.10 495.6695
10.11 495.6695
10.12 493.8833
10.13 492.1035
10.14 490.3302
10.15 490.3302
10.16 490.3302
10.17 490.3302
10.18 490.3302
10.19 488.5632
10.20 488.5632
10.21 488.5632
10.22 486.8026
10.23 485.0483
10.24 485.0483
10.25 485.0483
10.26 485.0483
10.27 486.8026
10.28 486.8026
10.29 490.3302
10.30 490.3302
10.31 495.6695
10.32 495.6695
10.33 497.4622
10.34 499.2613
10.35 499.2613
10.36 499.2613
10.37 499.2613
10.38 499.2613
10.39 497.4622
10.40 497.4622
10.41 495.6695
10.42 495.6695
10.43 495.6695
10.44 495.6695
10.45 497.4622
10.46 497.4622
10.47 497.4622
10.48 499.2613
10.49 499.2613
10.50 499.2613
10.51 499.2613
10.52 499.2613
10.53 499.2613
10.54 490.3302
10.55 490.3302
10.56 488.5632
10.57 485.0483
10.58 0.0000
10.59 0.0000
10.60 0.0000
10.61 0.0000
10.62 0.0000
10.63 0.0000
10.64 0.0000
10.65 0.0000
10.66 0.0000
10.67 0.0000
10.68 0.0000
10.69 0.0000
10.70 0.0000
10.71 0.0000
10.72 0.0000
10.73 504.6979
10.74 504.6979
10.75 504.6979
10.76 502.8792
10.77 502.8792
10.78 501.0670
10.79 501.0670
10.80 501.0670
10.81 499.2613
10.82 499.2613
10.83 497.4622
10.84 497.4622
10.85 497.4622
10.86 497.4622
10.87 499.2613
10.88 499.2613
10.89 499.2613
10.90 501.0670
10.91 501.0670
10.92 501.0670
10.93 502.8792
10.94 502.8792
10.95 502.8792
10.96 501.0670
10.97 501.0670
10.98 501.0670
10.99 495.6695
11.00 490.3302
11.01 479.8234
11.02 474.6548
11.03 466.1638
11.04 440.0000
11.05 427.4741
11.06 419.8271
11.07 419.8271
11.08 419.8271
11.09 421.3454
11.10 424.3987
11.11 427.4741
11.12 432.1289
11.13 433.6918
11.14 435.2603
11.15 436.8345
11.16 436.8345
11.17 438.4144
11.18 438.4144
11.19 440.0000
11.20 440.0000
11.21 440.0000
11.22 440.0000
11.23 441.5913
11.24 441.5913
11.25 441.5913
11.26 443.1884
11.27 443.1884
11.28 443.1884
11.29 443.1884
11.30 443.1884
11.31 443.1884
11.32 441.5913
11.33 441.5913
11.34 440.0000
11.35 433.6918
11.36 427.4741
11.37 427.4741
11.38 0.0000
11.39 0.0000
11.40 0.0000
11.41 0.0000
11.42 0.0000
11.43 0.0000
11.44 0.0000
11.45 0.0000
11.46 0.0000
11.47 0.0000
11.48 0.0000
11.49 0.0000
11.50 0.0000
11.51 0.0000
11.52 389.1753
11.53 389.1753
11.54 390.5828
11.55 390.5828
11.56 390.5828
11.57 391.9954
11.58 391.9954
11.59 391.9954
11.60 393.4132
11.61 393.4132
11.62 393.4132
11.63 393.4132
11.64 393.4132
11.65 393.4132
11.66 393.4132
11.67 391.9954
11.68 390.5828
11.69 389.1753
11.70 387.7729
11.71 387.7729
11.72 387.7729
11.73 387.7729
11.74 389.1753
11.75 389.1753
11.76 390.5828
11.77 391.9954
11.78 394.8360
11.79 396.2640
11.80 396.2640
11.81 396.2640
11.82 396.2640
11.83 394.8360
11.84 394.8360
11.85 393.4132
11.86 393.4132
11.87 390.5828
11.88 389.1753
11.89 389.1753
11.90 387.7729
11.91 387.7729
11.92 387.7729
11.93 389.1753
11.94 389.1753
11.95 389.1753
11.96 389.1753
11.97 390.5828
11.98 390.5828
11.99 390.5828
12.00 390.5828
12.01 390.5828
12.02 391.9954
12.03 393.4132
12.04 393.4132
12.05 394.8360
12.06 394.8360
12.07 396.2640
12.08 396.2640
12.09 396.2640
12.10 396.2640
12.11 396.2640
12.12 396.2640
12.13 396.2640
12.14 394.8360
12.15 394.8360
12.16 394.8360
12.17 396.2640
12.18 396.2640
12.19 397.6971
12.20 399.1355
12.21 399.1355
12.22 399.1355
12.23 399.1355
12.24 397.6971
12.25 397.6971
12.26 0.0000
12.27 0.0000
12.28 0.0000
12.29 0.0000
12.30 0.0000
12.31 0.0000
12.32 0.0000
12.33 0.0000
12.34 0.0000
12.35 0.0000
12.36 0.0000
12.37 0.0000
12.38 0.0000
12.39 0.0000
12.40 0.0000
12.41 0.0000
12.42 0.0000
12.43 0.0000
12.44 0.0000
12.45 0.0000
12.46 0.0000
12.47 0.0000
12.48 0.0000
12.49 0.0000
12.50 0.0000
12.51 0.0000
12.52 0.0000
12.53 0.0000
12.54 0.0000
12.55 0.0000
12.56 0.0000
12.57 0.0000
12.58 0.0000
12.59 0.0000
12.60 0.0000
12.61 0.0000
12.62 0.0000
12.63 0.0000
12.64 0.0000
12.65 0.0000
12.66 0.0000
12.67 0.0000
12.68 0.0000
12.69 0.0000
12.70 0.0000
12.71 0.0000
12.72 0.0000
12.73 0.0000
12.74 0.0000
12.75 0.0000
12.76 0.0000
12.77 0.0000
12.78 0.0000
12.79 0.0000
12.80 0.0000
12.81 0.0000
12.82 0.0000
12.83 0.0000
12.84 0.0000
12.85 0.0000
12.86 0.0000
12.87 0.0000
12.88 0.0000
12.89 0.0000
12.90 0.0000
12.91 0.0000
12.92 0.0000
12.93 0.0000
12.94 0.0000
12.95 0.0000
12.96 0.0000
12.97 0.0000
12.98 0.0000
12.99 0.0000
13.00 0.0000
13.01 0.0000
13.02 446.3999
13.03 446.3999
13.04 446.3999
13.05 446.3999
13.06 446.3999
13.07 444.7913
13.08 444.7913
13.09 444.7913
13.10 444.7913
13.11 444.7913
13.12 446.3999
13.13 446.3999
13.14 448.0144
13.15 449.6347
13.16 449.6347
13.17 451.2609
13.18 451.2609
13.19 451.2609
13.20 451.2609
13.21 449.6347
13.22 449.6347
13.23 448.0144
13.24 446.3999
13.25 444.7913
13.26 444.7913
13.27 443.1884
13.28 441.5913
13.29 441.5913
13.30 441.5913
13.31 441.5913
13.32 441.5913
13.33 441.5913
13.34 441.5913
13.35 441.5913
13.36 441.5913
13.37 441.5913
13.38 441.5913
13.39 441.5913
13.40 441.5913
13.41 441.5913
13.42 441.5913
13.43 441.5913
13.44 441.5913
13.45 440.0000
13.46 440.0000
13.47 440.0000
13.48 440.0000
13.49 440.0000
13.50 440.0000
13.51 440.0000
13.52 440.0000
13.53 440.0000
13.54 440.0000
13.55 440.0000
13.56 440.0000
13.57 440.0000
13.58 440.0000
13.59 440.0000
13.60 440.0000
13.61 438.4144
13.62 438.4144
13.63 438.4144
13.64 436.8345
13.65 436.8345
13.66 436.8345
13.67 436.8345
13.68 436.8345
13.69 436.8345
13.70 436.8345
13.71 436.8345
13.72 438.4144
13.73 438.4144
13.74 440.0000
13.75 444.7913
13.76 448.0144
13.77 449.6347
13.78 449.6347
13.79 449.6347
13.80 449.6347
13.81 449.6347
13.82 448.0144
13.83 446.3999
13.84 444.7913
13.85 444.7913
13.86 443.1884
13.87 441.5913
13.88 441.5913
13.89 441.5913
13.90 441.5913
13.91 441.5913
13.92 441.5913
13.93 441.5913
13.94 441.5913
13.95 443.1884
13.96 443.1884
13.97 444.7913
13.98 444.7913
13.99 444.7913
14.00 444.7913
14.01 444.7913
14.02 444.7913
14.03 441.5913
14.04 441.5913
14.05 0.0000
14.06 0.0000
14.07 0.0000
14.08 0.0000
14.09 0.0000
14.10 0.0000
14.11 0.0000
14.12 0.0000
14.13 0.0000
14.14 0.0000
14.15 0.0000
14.16 0.0000
14.17 0.0000
14.18 0.0000
14.19 0.0000
14.20 0.0000
14.21 0.0000
14.22 0.0000
14.23 394.8360
14.24 394.8360
14.25 394.8360
14.26 394.8360
14.27 394.8360
14.28 393.4132
14.29 393.4132
14.30 393.4132
14.31 393.4132
14.32 393.4132
14.33 393.4132
14.34 393.4132
14.35 393.4132
14.36 394.8360
14.37 396.2640
14.38 397.6971
14.39 399.1355
14.40 402.0278
14.41 403.4818
14.42 403.4818
14.43 403.4818
14.44 402.0278
14.45 399.1355
14.46 393.4132
14.47 391.9954
14.48 386.3755
14.49 386.3755
14.50 0.0000
14.51 0.0000
14.52 0.0000
14.53 0.0000
14.54 0.0000
14.55 0.0000
14.56 0.0000
14.57 0.0000
14.58 0.0000
14.59 0.0000
14.60 0.0000
14.61 0.0000
14.62 0.0000
14.63 0.0000
14.64 332.0162
14.65 332.0162
14.66 332.0162
14.67 332.0162
14.68 0.0000
14.69 0.0000
14.70 0.0000
14.71 0.0000
14.72 0.0000
14.73 0.0000
14.74 0.0000
14.75 0.0000
14.76 0.0000
14.77 0.0000
14.78 0.0000
14.79 0.0000
14.80 0.0000
14.81 0.0000
14.82 0.0000
14.83 0.0000
14.84 0.0000
14.85 0.0000
14.86 0.0000
14.87 0.0000
14.88 0.0000
14.89 327.2561
14.90 327.2561
14.91 327.2561
14.92 327.2561
14.93 326.0768
14.94 326.0768
14.95 326.0768
14.96 324.9018
14.97 324.9018
14.98 324.9018
14.99 324.9018
15.00 324.9018
15.01 324.9018
15.02 324.9018
15.03 0.0000
15.04 0.0000
15.05 0.0000
15.06 0.0000
15.07 0.0000
15.08 0.0000
15.09 0.0000
15.10 0.0000
15.11 0.0000
15.12 0.0000
15.13 0.0000
15.14 0.0000
15.15 0.0000
15.16 0.0000
15.17 0.0000
15.18 0.0000
15.19 0.0000
15.20 0.0000
15.21 0.0000
15.22 328.4397
15.23 328.4397
15.24 328.4397
15.25 328.4397
15.26 327.2561
15.27 326.0768
15.28 326.0768
15.29 326.0768
15.30 326.0768
15.31 326.0768
15.32 327.2561
15.33 328.4397
15.34 329.6276
15.35 329.6276
15.36 329.6276
15.37 0.0000
15.38 0.0000
15.39 0.0000
15.40 0.0000
15.41 0.0000
15.42 0.0000
15.43 0.0000
15.44 0.0000
15.45 0.0000
15.46 0.0000
15.47 0.0000
15.48 0.0000
15.49 0.0000
15.50 0.0000
15.51 0.0000
15.52 0.0000
15.53 0.0000
15.54 0.0000
15.55 0.0000
15.56 0.0000
15.57 0.0000
15.58 0.0000
15.59 0.0000
15.60 0.0000
15.61 0.0000
15.62 0.0000
15.63 0.0000
15.64 0.0000
15.65 0.0000
15.66 0.0000
15.67 0.0000
15.68 0.0000
15.69 0.0000
15.70 0.0000
15.71 0.0000
15.72 0.0000
15.73 0.0000
15.74 393.4132
15.75 393.4132
15.76 393.4132
15.77 393.4132
15.78 391.9954
15.79 391.9954
15.80 390.5828
15.81 389.1753
15.82 387.7729
15.83 387.7729
15.84 387.7729
15.85 387.7729
15.86 389.1753
15.87 389.1753
15.88 389.1753
15.89 390.5828
15.90 393.4132
15.91 393.4132
15.92 396.2640
15.93 397.6971
15.94 399.1355
15.95 399.1355
15.96 399.1355
15.97 399.1355
15.98 399.1355
15.99 399.1355
16.00 399.1355
16.01 399.1355
16.02 399.1355
16.03 399.1355
16.04 402.0278
16.05 407.8754
16.06 407.8754
16.07 421.3454
16.08 427.4741
16.09 432.1289
16.10 444.7913
16.11 446.3999
16.12 446.3999
16.13 446.3999
16.14 446.3999
16.15 446.3999
16.16 446.3999
16.17 446.3999
16.18 446.3999
16.19 446.3999
16.20 446.3999
16.21 444.7913
16.22 444.7913
16.23 443.1884
16.24 441.5913
16.25 441.5913
16.26 441.5913
16.27 440.0000
16.28 438.4144
16.29 438.4144
16.30 438.4144
16.31 440.0000
16.32 440.0000
16.33 441.5913
16.34 443.1884
16.35 444.7913
16.36 444.7913
16.37 444.7913
16.38 444.7913
16.39 444.7913
16.40 443.1884
16.41 443.1884
16.42 441.5913
16.43 441.5913
16.44 441.5913
16.45 441.5913
16.46 441.5913
16.47 441.5913
16.48 441.5913
16.49 441.5913
16.50 441.5913
16.51 441.5913
16.52 441.5913
16.53 441.5913
16.54 441.5913
16.55 441.5913
16.56 441.5913
16.57 440.0000
16.58 440.0000
16.59 440.0000
16.60 440.0000
16.61 440.0000
16.62 440.0000
16.63 440.0000
16.64 440.0000
16.65 440.0000
16.66 440.0000
16.67 440.0000
16.68 440.0000
16.69 440.0000
16.70 440.0000
16.71 440.0000
16.72 440.0000
16.73 440.0000
16.74 441.5913
16.75 441.5913
16.76 443.1884
16.77 444.7913
16.78 446.3999
16.79 446.3999
16.80 448.0144
16.81 448.0144
16.82 448.0144
16.83 446.3999
16.84 444.7913
16.85 444.7913
16.86 443.1884
16.87 441.5913
16.88 441.5913
16.89 441.5913
16.90 441.5913
16.91 440.0000
16.92 440.0000
16.93 440.0000
16.94 438.4144
16.95 438.4144
16.96 438.4144
16.97 438.4144
16.98 438.4144
16.99 440.0000
17.00 440.0000
17.01 440.0000
17.02 440.0000
17.03 440.0000
17.04 441.5913
17.05 441.5913
17.06 441.5913
17.07 440.0000
17.08 438.4144
17.09 433.6918
17.10 0.0000
17.11 0.0000
17.12 0.0000
17.13 0.0000
17.14 0.0000
17.15 0.0000
17.16 0.0000
17.17 0.0000
17.18 0.0000
17.19 0.0000
17.20 0.0000
17.21 0.0000
17.22 0.0000
17.23 0.0000
17.24 0.0000
17.25 0.0000
17.26 394.8360
17.27 394.8360
17.28 394.8360
17.29 393.4132
17.30 393.4132
17.31 393.4132
17.32 391.9954
17.33 391.9954
17.34 391.9954
17.35 391.9954
17.36 396.2640
17.37 397.6971
17.38 399.1355
17.39 399.1355
17.40 399.1355
17.41 399.1355
17.42 399.1355
17.43 399.1355
17.44 399.1355
17.45 397.6971
17.46 397.6971
17.47 394.8360
17.48 393.4132
17.49 391.9954
17.50 383.5958
17.51 376.7337
17.52 371.3326
17.53 359.4614
17.54 349.2282
17.55 0.0000
17.56 0.0000
17.57 0.0000
17.58 0.0000
17.59 0.0000
17.60 0.0000
17.61 0.0000
17.62 0.0000
17.63 0.0000
17.64 0.0000
17.65 0.0000
17.66 0.0000
17.67 0.0000
17.68 0.0000
17.69 0.0000
17.70 0.0000
17.71 0.0000
17.72 0.0000
17.73 0.0000
17.74 0.0000
17.75 0.0000
17.76 0.0000
17.77 0.0000
17.78 0.0000
17.79 0.0000
17.80 0.0000
17.81 0.0000
17.82 0.0000
17.83 0.0000
17.84 0.0000
17.85 0.0000
17.86 0.0000
17.87 0.0000
17.88 0.0000
17.89 0.0000
17.90 0.0000
17.91 0.0000
17.92 0.0000
17.93 0.0000
17.94 0.0000
17.95 0.0000
17.96 0.0000
17.97 0.0000
17.98 0.0000
17.99 0.0000
18.00 0.0000
18.01 0.0000
18.02 0.0000
18.03 0.0000
18.04 0.0000
18.05 0.0000
18.06 0.0000
18.07 0.0000
18.08 0.0000
18.09 0.0000
18.10 0.0000
18.11 0.0000
18.12 0.0000
18.13 0.0000
18.14 0.0000
18.15 0.0000
18.16 0.0000
18.17 0.0000
18.18 0.0000
18.19 0.0000
18.20 0.0000
18.21 0.0000
18.22 0.0000
18.23 0.0000
18.24 0.0000
18.25 0.0000
18.26 0.0000
18.27 0.0000
18.28 0.0000
18.29 0.0000
18.30 0.0000
18.31 0.0000
18.32 0.0000
18.33 0.0000
18.34 0.0000
18.35 0.0000
18.36 0.0000
18.37 0.0000
18.38 0.0000
18.39 0.0000
18.40 0.0000
18.41 0.0000
18.42 0.0000
18.43 0.0000
18.44 0.0000
18.45 0.0000
18.46 0.0000
18.47 0.0000
18.48 0.0000
18.49 0.0000
18.50 0.0000
18.51 0.0000
18.52 0.0000
18.53 0.0000
18.54 0.0000
18.55 0.0000
18.56 0.0000
18.57 0.0000
18.58 0.0000
18.59 0.0000
18.60 0.0000
18.61 0.0000
18.62 0.0000
18.63 0.0000
18.64 0.0000
18.65 0.0000
18.66 0.0000
18.67 0.0000
18.68 0.0000
18.69 0.0000
18.70 0.0000
18.71 0.0000
18.72 0.0000
18.73 0.0000
18.74 0.0000
18.75 0.0000
18.76 0.0000
18.77 0.0000
18.78 0.0000
18.79 0.0000
18.80 0.0000
18.81 0.0000
18.82 0.0000
18.83 0.0000
18.84 0.0000
18.85 0.0000
18.86 0.0000
18.87 0.0000
18.88 0.0000
18.89 0.0000
18.90 0.0000
18.91 0.0000
18.92 0.0000
18.93 0.0000
18.94 0.0000
18.95 0.0000
18.96 0.0000
18.97 0.0000
18.98 0.0000
18.99 0.0000
19.00 0.0000
19.01 0.0000
19.02 0.0000
19.03 0.0000
19.04 0.0000
19.05 0.0000
19.06 0.0000
19.07 0.0000
19.08 0.0000
19.09 0.0000
19.10 0.0000
19.11 0.0000
19.12 0.0000
19.13 0.0000
19.14 0.0000
19.15 0.0000
19.16 0.0000
19.17 0.0000
19.18 0.0000
19.19 0.0000
19.20 0.0000
19.21 0.0000
19.22 332.0162
19.23 333.2170
19.24 333.2170
19.25 333.2170
19.26 333.2170
19.27 333.2170
19.28 333.2170
19.29 332.0162
19.30 332.0162
19.31 332.0162
19.32 332.0162
19.33 332.0162
19.34 330.8197
19.35 329.6276
19.36 329.6276
19.37 329.6276
19.38 329.6276
19.39 329.6276
19.40 329.6276
19.41 330.8197
19.42 332.0162
19.43 332.0162
19.44 332.0162
19.45 332.0162
19.46 332.0162
19.47 332.0162
19.48 332.0162
19.49 332.0162
19.50 332.0162
19.51 332.0162
19.52 332.0162
19.53 333.2170
19.54 333.2170
19.55 334.4221
19.56 335.6316
19.57 335.6316
19.58 336.8455
19.59 336.8455
19.60 336.8455
19.61 335.6316
19.62 334.4221
19.63 334.4221
19.64 333.2170
19.65 333.2170
19.66 332.0162
19.67 332.0162
19.68 330.8197
19.69 328.4397
19.70 327.2561
19.71 327.2561
19.72 327.2561
19.73 327.2561
19.74 327.2561
19.75 327.2561
19.76 328.4397
19.77 329.6276
19.78 329.6276
19.79 329.6276
19.80 330.8197
19.81 330.8197
19.82 330.8197
19.83 332.0162
19.84 332.0162
19.85 332.0162
19.86 332.0162
19.87 330.8197
19.88 330.8197
19.89 330.8197
19.90 330.8197
19.91 329.6276
19.92 329.6276
19.93 328.4397
19.94 328.4397
19.95 328.4397
19.96 328.4397
19.97 328.4397
19.98 329.6276
19.99 330.8197
20.00 332.0162
20.01 332.0162
20.02 332.0162
20.03 332.0162
20.04 332.0162
20.05 332.0162
20.06 332.0162
20.07 332.0162
20.08 332.0162
20.09 332.0162
20.10 332.0162
20.11 330.8197
20.12 330.8197
20.13 328.4397
20.14 327.2561
20.15 0.0000
20.16 0.0000
20.17 0.0000
20.18 0.0000
20.19 0.0000
20.20 0.0000
20.21 0.0000
20.22 0.0000
20.23 0.0000
20.24 0.0000
20.25 0.0000
20.26 0.0000
20.27 0.0000
20.28 0.0000
20.29 0.0000
20.30 0.0000
20.31 0.0000
20.32 397.6971
20.33 397.6971
20.34 397.6971
20.35 397.6971
20.36 396.2640
20.37 394.8360
20.38 394.8360
20.39 391.9954
20.40 390.5828
20.41 389.1753
20.42 389.1753
20.43 389.1753
20.44 389.1753
20.45 389.1753
20.46 389.1753
20.47 389.1753
20.48 389.1753
20.49 389.1753
20.50 389.1753
20.51 389.1753
20.52 389.1753
20.53 389.1753
20.54 389.1753
20.55 390.5828
20.56 390.5828
20.57 391.9954
20.58 393.4132
20.59 393.4132
20.60 394.8360
20.61 394.8360
20.62 394.8360
20.63 394.8360
20.64 394.8360
20.65 396.2640
20.66 397.6971
20.67 402.0278
20.68 407.8754
20.69 418.3142
20.70 432.1289
20.71 448.0144
20.72 454.5309
20.73 459.4805
20.74 459.4805
20.75 459.4805
20.76 459.4805
20.77 452.8930
20.78 451.2609
20.79 451.2609
20.80 449.6347
20.81 449.6347
20.82 449.6347
20.83 448.0144
20.84 446.3999
20.85 444.7913
20.86 444.7913
20.87 444.7913
20.88 444.7913
20.89 443.1884
20.90 443.1884
20.91 443.1884
20.92 443.1884
20.93 443.1884
20.94 443.1884
20.95 443.1884
20.96 443.1884
20.97 443.1884
20.98 443.1884
20.99 443.1884
21.00 441.5913
21.01 441.5913
21.02 441.5913
21.03 441.5913
21.04 440.0000
21.05 436.8345
21.06 436.8345
21.07 436.8345
21.08 435.2603
21.09 435.2603
21.10 435.2603
21.11 436.8345
21.12 436.8345
21.13 438.4144
21.14 438.4144
21.15 440.0000
21.16 440.0000
21.17 440.0000
21.18 440.0000
21.19 440.0000
21.20 440.0000
21.21 440.0000
21.22 440.0000
21.23 441.5913
21.24 441.5913
21.25 441.5913
21.26 441.5913
21.27 441.5913
21.28 440.0000
21.29 440.0000
21.30 440.0000
21.31 440.0000
21.32 436.8345
21.33 433.6918
21.34 429.0201
21.35 0.0000
21.36 0.0000
21.37 0.0000
21.38 0.0000
21.39 0.0000
21.40 0.0000
21.41 0.0000
21.42 0.0000
21.43 0.0000
21.44 0.0000
21.45 0.0000
21.46 0.0000
21.47 0.0000
21.48 0.0000
21.49 0.0000
21.50 0.0000
21.51 0.0000
21.52 0.0000
21.53 0.0000
21.54 0.0000
21.55 512.0389
21.56 512.0389
21.57 512.0389
21.58 508.3552
21.59 508.3552
21.60 506.5233
21.61 506.5233
21.62 506.5233
21.63 506.5233
21.64 508.3552
21.65 508.3552
21.66 508.3552
21.67 508.3552
21.68 506.5233
21.69 506.5233
21.70 501.0670
21.71 501.0670
21.72 501.0670
21.73 497.4622
21.74 497.4622
21.75 495.6695
21.76 495.6695
21.77 495.6695
21.78 495.6695
21.79 495.6695
21.80 495.6695
21.81 495.6695
21.82 495.6695
21.83 497.4622
21.84 497.4622
21.85 499.2613
21.86 501.0670
21.87 501.0670
21.88 501.0670
21.89 501.0670
21.90 501.0670
21.91 501.0670
21.92 501.0670
21.93 501.0670
21.94 499.2613
21.95 499.2613
21.96 499.2613
21.97 499.2613
21.98 497.4622
21.99 497.4622
22.00 497.4622
22.01 497.4622
22.02 497.4622
22.03 497.4622
22.04 497.4622
22.05 495.6695
22.06 495.6695
22.07 495.6695
22.08 495.6695
22.09 493.8833
22.10 492.1035
22.11 488.5632
22.12 486.8026
22.13 474.6548
22.14 472.9443
22.15 471.2400
22.16 461.1423
22.17 440.0000
22.18 433.6918
22.19 427.4741
22.20 427.4741
22.21 427.4741
22.22 427.4741
22.23 429.0201
22.24 432.1289
22.25 436.8345
22.26 438.4144
22.27 444.7913
22.28 444.7913
22.29 444.7913
22.30 444.7913
22.31 444.7913
22.32 443.1884
22.33 443.1884
22.34 443.1884
22.35 443.1884
22.36 443.1884
22.37 441.5913
22.38 441.5913
22.39 441.5913
22.40 441.5913
22.41 441.5913
22.42 440.0000
22.43 440.0000
22.44 440.0000
22.45 440.0000
22.46 440.0000
22.47 440.0000
22.48 441.5913
22.49 441.5913
22.50 443.1884
22.51 444.7913
22.52 446.3999
22.53 448.0144
22.54 448.0144
22.55 448.0144
22.56 448.0144
22.57 446.3999
22.58 446.3999
22.59 444.7913
22.60 444.7913
22.61 444.7913
22.62 443.1884
22.63 0.0000
22.64 0.0000
22.65 0.0000
22.66 441.5913
22.67 441.5913
22.68 441.5913
22.69 441.5913
22.70 443.1884
22.71 443.1884
22.72 443.1884
22.73 444.7913
22.74 444.7913
22.75 446.3999
22.76 446.3999
22.77 446.3999
22.78 444.7913
22.79 0.0000
22.80 0.0000
22.81 0.0000
22.82 0.0000
22.83 0.0000
22.84 0.0000
22.85 0.0000
22.86 0.0000
22.87 0.0000
22.88 0.0000
22.89 0.0000
22.90 0.0000
22.91 0.0000
22.92 0.0000
22.93 0.0000
22.94 0.0000
22.95 0.0000
22.96 0.0000
22.97 0.0000
22.98 0.0000
22.99 0.0000
23.00 397.6971
23.01 397.6971
23.02 397.6971
23.03 396.2640
23.04 394.8360
23.05 394.8360
23.06 393.4132
23.07 393.4132
23.08 393.4132
23.09 394.8360
23.10 394.8360
23.11 396.2640
23.12 396.2640
23.13 397.6971
23.14 397.6971
23.15 397.6971
23.16 397.6971
23.17 399.1355
23.18 399.1355
23.19 399.1355
23.20 399.1355
23.21 399.1355
23.22 397.6971
23.23 394.8360
23.24 391.9954
23.25 0.0000
23.26 0.0000
23.27 0.0000
23.28 0.0000
23.29 0.0000
23.30 0.0000
23.31 0.0000
23.32 0.0000
23.33 0.0000
23.34 0.0000
23.35 0.0000
23.36 0.0000
23.37 0.0000
23.38 0.0000
23.39 0.0000
23.40 0.0000
23.41 0.0000
23.42 0.0000
23.43 0.0000
23.44 0.0000
23.45 0.0000
23.46 0.0000
23.47 0.0000
23.48 0.0000
23.49 0.0000
23.50 0.0000
23.51 0.0000
23.52 0.0000
23.53 0.0000
23.54 0.0000
23.55 0.0000
23.56 0.0000
23.57 0.0000
23.58 0.0000
23.59 0.0000
23.60 0.0000
23.61 0.0000
23.62 0.0000
23.63 0.0000
23.64 0.0000
23.65 0.0000
23.66 0.0000
23.67 0.0000
23.68 0.0000
23.69 0.0000
23.70 0.0000
23.71 0.0000
23.72 0.0000
23.73 0.0000
23.74 0.0000
23.75 0.0000
23.76 0.0000
23.77 0.0000
23.78 0.0000
23.79 0.0000
23.80 0.0000
23.81 0.0000
23.82 0.0000
23.83 0.0000
23.84 0.0000
23.85 0.0000
23.86 0.0000
23.87 0.0000
23.88 0.0000
23.89 0.0000
23.90 0.0000
23.91 0.0000
23.92 0.0000
23.93 0.0000
23.94 0.0000
23.95 0.0000
23.96 0.0000
23.97 0.0000
23.98 0.0000
23.99 0.0000
24.00 0.0000
24.01 0.0000
24.02 0.0000
24.03 0.0000
24.04 0.0000
24.05 0.0000
24.06 0.0000
24.07 0.0000
24.08 0.0000
24.09 0.0000
24.10 0.0000
24.11 0.0000
24.12 0.0000
24.13 0.0000
24.14 0.0000
24.15 0.0000
24.16 0.0000
24.17 0.0000
24.18 0.0000
24.19 0.0000
24.20 0.0000
24.21 0.0000
24.22 0.0000
24.23 0.0000
24.24 0.0000
24.25 0.0000
24.26 0.0000
24.27 0.0000
24.28 0.0000
24.29 0.0000
24.30 0.0000
24.31 0.0000
24.32 0.0000
24.33 0.0000
24.34 0.0000
24.35 0.0000
24.36 0.0000
24.37 0.0000
24.38 0.0000
24.39 0.0000
24.40 0.0000
24.41 0.0000
24.42 0.0000
24.43 0.0000
24.44 0.0000
24.45 0.0000
24.46 0.0000
24.47 0.0000
24.48 0.0000
24.49 0.0000
24.50 0.0000
24.51 0.0000
24.52 0.0000
24.53 0.0000
24.54 0.0000
24.55 0.0000
24.56 0.0000
24.57 0.0000
24.58 0.0000
24.59 0.0000
24.60 0.0000
24.61 0.0000
24.62 0.0000
24.63 0.0000
24.64 0.0000
24.65 0.0000
24.66 0.0000
24.67 0.0000
24.68 0.0000
24.69 0.0000
24.70 0.0000
24.71 0.0000
24.72 0.0000
24.73 0.0000
24.74 0.0000
24.75 0.0000
24.76 0.0000
24.77 0.0000
24.78 0.0000
24.79 0.0000
24.80 0.0000
24.81 0.0000
24.82 0.0000
24.83 0.0000
24.84 0.0000
24.85 0.0000
24.86 0.0000
24.87 0.0000
24.88 0.0000
24.89 0.0000
24.90 0.0000
24.91 0.0000
24.92 0.0000
24.93 0.0000
24.94 0.0000
24.95 0.0000
24.96 0.0000
24.97 0.0000
24.98 0.0000
24.99 0.0000
25.00 0.0000
25.01 0.0000
25.02 0.0000
25.03 0.0000
25.04 0.0000
25.05 0.0000
25.06 0.0000
25.07 0.0000
25.08 0.0000
25.09 0.0000
25.10 0.0000
25.11 0.0000
25.12 0.0000
25.13 0.0000
25.14 0.0000
25.15 0.0000
25.16 0.0000
25.17 0.0000
25.18 0.0000
25.19 0.0000
25.20 598.0275
25.21 598.0275
25.22 598.0275
25.23 591.5856
25.24 589.4537
25.25 583.1041
25.26 583.1041
25.27 583.1041
25.28 583.1041
25.29 583.1041
25.30 583.1041
25.31 589.4537
25.32 591.5856
25.33 591.5856
25.34 591.5856
25.35 591.5856
25.36 591.5856
25.37 591.5856
25.38 591.5856
25.39 589.4537
25.40 589.4537
25.41 589.4537
25.42 294.7269
25.43 294.7269
25.44 294.7269
25.45 294.7269
25.46 589.4537
25.47 589.4537
25.48 589.4537
25.49 294.7269
25.50 293.6648
25.51 292.6065
25.52 290.5014
25.53 288.4115
25.54 287.3721
25.55 287.3721
25.56 287.3721
25.57 287.3721
25.58 288.4115
25.59 288.4115
25.60 291.5521
25.61 293.6648
25.62 297.9362
25.63 300.0952
25.64 303.3630
25.65 608.9203
25.66 608.9203
25.67 608.9203
25.68 608.9203
25.69 303.3630
25.70 302.2698
25.71 302.2698
25.72 302.2698
25.73 589.4537
25.74 589.4537
25.75 589.4537
25.76 585.2130
25.77 585.2130
25.78 585.2130
25.79 585.2130
25.80 589.4537
25.81 589.4537
25.82 589.4537
25.83 589.4537
25.84 591.5856
25.85 591.5856
25.86 591.5856
25.87 591.5856
25.88 591.5856
25.89 591.5856
25.90 589.4537
25.91 589.4537
25.92 589.4537
25.93 589.4537
25.94 585.2130
25.95 583.1041
25.96 581.0028
25.97 581.0028
25.98 576.8229
25.99 574.7443
26.00 574.7443
26.01 574.7443
26.02 574.7443
26.03 574.7443
26.04 0.0000
26.05 0.0000
26.06 0.0000
26.07 0.0000
26.08 0.0000
26.09 0.0000
26.10 0.0000
26.11 0.0000
26.12 0.0000
26.13 604.5396
26.14 600.1904
26.15 600.1904
26.16 600.1904
26.17 600.1904
26.18 600.1904
26.19 598.0275
26.20 598.0275
26.21 598.0275
26.22 598.0275
26.23 595.8724
26.24 593.7251
26.25 591.5856
26.26 0.0000
26.27 0.0000
26.28 0.0000
26.29 0.0000
26.30 0.0000
26.31 0.0000
26.32 0.0000
26.33 0.0000
26.34 0.0000
26.35 0.0000
26.36 0.0000
26.37 0.0000
26.38 0.0000
26.39 0.0000
26.40 0.0000
26.41 0.0000
26.42 0.0000
26.43 0.0000
26.44 0.0000
26.45 0.0000
26.46 513.8908
26.47 513.8908
26.48 513.8908
26.49 512.0389
26.50 506.5233
26.51 504.6979
26.52 504.6979
26.53 504.6979
26.54 504.6979
26.55 506.5233
26.56 506.5233
26.57 508.3552
26.58 512.0389
26.59 513.8908
26.60 515.7494
26.61 515.7494
26.62 515.7494
26.63 515.7494
26.64 515.7494
26.65 513.8908
26.66 506.5233
26.67 506.5233
26.68 506.5233
26.69 504.6979
26.70 502.8792
26.71 502.8792
26.72 502.8792
26.73 502.8792
26.74 504.6979
26.75 506.5233
26.76 510.1937
26.77 519.4867
26.78 521.3655
26.79 532.7819
26.80 536.6427
26.81 550.3770
26.82 576.8229
26.83 589.4537
26.84 598.0275
26.85 611.1226
26.86 617.7773
26.87 617.7773
26.88 617.7773
26.89 617.7773
26.90 617.7773
26.91 617.7773
26.92 613.3328
26.93 613.3328
26.94 613.3328
26.95 613.3328
26.96 611.1226
26.97 600.1904
26.98 600.1904
26.99 600.1904
27.00 598.0275
27.01 598.0275
27.02 299.0138
27.03 297.9362
27.04 297.9362
27.05 297.9362
27.06 297.9362
27.07 297.9362
27.08 297.9362
27.09 297.9362
27.10 299.0138
27.11 299.0138
27.12 300.0952
27.13 300.0952
27.14 300.0952
27.15 300.0952
27.16 300.0952
27.17 300.0952
27.18 300.0952
27.19 299.0138
27.20 299.0138
27.21 299.0138
27.22 299.0138
27.23 299.0138
27.24 299.0138
27.25 299.0138
27.26 595.8724
27.27 598.0275
27.28 598.0275
27.29 598.0275
27.30 598.0275
27.31 598.0275
27.32 598.0275
27.33 595.8724
27.34 595.8724
27.35 595.8724
27.36 595.8724
27.37 595.8724
27.38 595.8724
27.39 598.0275
27.40 598.0275
27.41 598.0275
27.42 600.1904
27.43 602.3611
27.44 604.5396
27.45 606.7260
27.46 608.9203
27.47 611.1226
27.48 611.1226
27.49 611.1226
27.50 611.1226
27.51 606.7260
27.52 606.7260
27.53 604.5396
27.54 602.3611
27.55 598.0275
27.56 593.7251
27.57 591.5856
27.58 591.5856
27.59 591.5856
27.60 591.5856
27.61 595.8724
27.62 595.8724
27.63 598.0275
27.64 598.0275
27.65 598.0275
27.66 598.0275
27.67 598.0275
27.68 600.1904
27.69 600.1904
27.70 600.1904
27.71 600.1904
27.72 600.1904
27.73 600.1904
27.74 600.1904
27.75 598.0275
27.76 598.0275
27.77 598.0275
27.78 598.0275
27.79 598.0275
27.80 0.0000
27.81 0.0000
27.82 0.0000
27.83 0.0000
27.84 0.0000
27.85 0.0000
27.86 0.0000
27.87 0.0000
27.88 0.0000
27.89 0.0000
27.90 0.0000
27.91 0.0000
27.92 0.0000
27.93 0.0000
27.94 0.0000
27.95 0.0000
27.96 0.0000
27.97 0.0000
27.98 0.0000
27.99 0.0000
28.00 0.0000
28.01 0.0000
28.02 0.0000
28.03 0.0000
28.04 0.0000
28.05 0.0000
28.06 0.0000
28.07 0.0000
28.08 0.0000
28.09 0.0000
28.10 0.0000
28.11 0.0000
28.12 0.0000
28.13 0.0000
28.14 0.0000
28.15 0.0000
28.16 0.0000
28.17 0.0000
28.18 0.0000
28.19 0.0000
28.20 0.0000
28.21 0.0000
28.22 0.0000
28.23 0.0000
28.24 0.0000
28.25 645.1286
28.26 645.1286
28.27 645.1286
28.28 642.8038
28.29 611.1226
28.30 608.9203
28.31 606.7260
28.32 606.7260
28.33 606.7260
28.34 602.3611
28.35 598.0275
28.36 591.5856
28.37 589.4537
28.38 589.4537
28.39 589.4537
28.40 589.4537
28.41 589.4537
28.42 591.5856
28.43 591.5856
28.44 595.8724
28.45 598.0275
28.46 598.0275
28.47 598.0275
28.48 598.0275
28.49 598.0275
28.50 598.0275
28.51 598.0275
28.52 589.4537
28.53 589.4537
28.54 589.4537
28.55 589.4537
28.56 585.2130
28.57 585.2130
28.58 585.2130
28.59 589.4537
28.60 589.4537
28.61 591.5856
28.62 591.5856
28.63 595.8724
28.64 604.5396
28.65 608.9203
28.66 611.1226
28.67 617.7773
28.68 617.7773
28.69 617.7773
28.70 617.7773
28.71 613.3328
28.72 613.3328
28.73 611.1226
28.74 611.1226
28.75 608.9203
28.76 608.9203
28.77 608.9203
28.78 598.0275
28.79 591.5856
28.80 591.5856
28.81 591.5856
28.82 591.5856
28.83 0.0000
28.84 0.0000
28.85 0.0000
28.86 0.0000
28.87 0.0000
28.88 0.0000
28.89 0.0000
28.90 0.0000
28.91 0.0000
28.92 0.0000
28.93 0.0000
28.94 0.0000
28.95 0.0000
28.96 0.0000
28.97 0.0000
28.98 0.0000
28.99 0.0000
29.00 0.0000
29.01 0.0000
29.02 0.0000
29.03 0.0000
29.04 0.0000
29.05 0.0000
29.06 0.0000
29.07 0.0000
29.08 0.0000
29.09 0.0000
29.10 0.0000
29.11 0.0000
29.12 0.0000
29.13 0.0000
29.14 521.3655
29.15 521.3655
29.16 521.3655
29.17 521.3655
29.18 519.4867
29.19 519.4867
29.20 519.4867
29.21 519.4867
29.22 515.7494
29.23 513.8908
29.24 513.8908
29.25 512.0389
29.26 508.3552
29.27 508.3552
29.28 506.5233
29.29 502.8792
29.30 501.0670
29.31 501.0670
29.32 501.0670
29.33 501.0670
29.34 501.0670
29.35 501.0670
29.36 502.8792
29.37 504.6979
29.38 504.6979
29.39 506.5233
29.40 506.5233
29.41 506.5233
29.42 506.5233
29.43 506.5233
29.44 506.5233
29.45 504.6979
29.46 504.6979
29.47 502.8792
29.48 501.0670
29.49 501.0670
29.50 501.0670
29.51 501.0670
29.52 501.0670
29.53 501.0670
29.54 499.2613
29.55 499.2613
29.56 499.2613
29.57 499.2613
29.58 499.2613
29.59 499.2613
29.60 499.2613
29.61 499.2613
29.62 499.2613
29.63 499.2613
29.64 499.2613
29.65 501.0670
29.66 501.0670
29.67 501.0670
29.68 502.8792
29.69 502.8792
29.70 502.8792
29.71 502.8792
29.72 502.8792
29.73 501.0670
29.74 501.0670
29.75 501.0670
29.76 499.2613
29.77 497.4622
29.78 497.4622
29.79 495.6695
29.80 492.1035
29.81 488.5632
29.82 479.8234
29.83 479.8234
29.84 0.0000
29.85 0.0000
29.86 0.0000
29.87 0.0000
29.88 0.0000
29.89 0.0000
29.90 0.0000
29.91 0.0000
29.92 0.0000
29.93 0.0000
29.94 449.6347
29.95 449.6347
29.96 449.6347
29.97 449.6347
29.98 449.6347
29.99 448.0144
30.00 446.3999
30.01 444.7913
30.02 444.7913
30.03 443.1884
30.04 443.1884
30.05 443.1884
30.06 443.1884
30.07 0.0000
30.08 0.0000
30.09 0.0000
30.10 0.0000
30.11 0.0000
30.12 0.0000
30.13 0.0000
30.14 0.0000
30.15 0.0000
30.16 0.0000
30.17 0.0000
30.18 0.0000
30.19 0.0000
30.20 0.0000
30.21 0.0000
30.22 0.0000
30.23 0.0000
30.24 0.0000
30.25 443.1884
30.26 443.1884
30.27 443.1884
30.28 441.5913
30.29 441.5913
30.30 441.5913
30.31 441.5913
30.32 441.5913
30.33 440.0000
30.34 440.0000
30.35 440.0000
30.36 440.0000
30.37 440.0000
30.38 440.0000
30.39 440.0000
30.40 446.3999
30.41 449.6347
30.42 449.6347
30.43 449.6347
30.44 449.6347
30.45 449.6347
30.46 449.6347
30.47 448.0144
30.48 446.3999
30.49 444.7913
30.50 441.5913
30.51 441.5913
30.52 441.5913
30.53 441.5913
30.54 441.5913
30.55 443.1884
30.56 444.7913
30.57 444.7913
30.58 446.3999
30.59 449.6347
30.60 449.6347
30.61 449.6347
30.62 449.6347
30.63 0.0000
30.64 0.0000
30.65 0.0000
30.66 0.0000
30.67 0.0000
30.68 0.0000
30.69 0.0000
30.70 0.0000
30.71 0.0000
30.72 0.0000
30.73 0.0000
30.74 0.0000
30.75 0.0000
30.76 0.0000
30.77 0.0000
30.78 0.0000
30.79 0.0000
30.80 0.0000
30.81 0.0000
30.82 0.0000
30.83 0.0000
30.84 0.0000
30.85 0.0000
30.86 0.0000
30.87 0.0000
30.88 0.0000
30.89 0.0000
30.90 0.0000
30.91 0.0000
30.92 0.0000
30.93 0.0000
30.94 0.0000
30.95 0.0000
30.96 0.0000
30.97 0.0000
30.98 0.0000
30.99 0.0000
31.00 0.0000
31.01 0.0000
31.02 0.0000
31.03 0.0000
31.04 0.0000
31.05 0.0000
31.06 0.0000
31.07 0.0000
31.08 0.0000
31.09 0.0000
31.10 0.0000
31.11 0.0000
31.12 0.0000
31.13 0.0000
31.14 0.0000
31.15 0.0000
31.16 0.0000
31.17 0.0000
31.18 0.0000
31.19 0.0000
31.20 0.0000
31.21 0.0000
31.22 0.0000
31.23 0.0000
31.24 0.0000
31.25 0.0000
31.26 0.0000
31.27 0.0000
31.28 0.0000
31.29 0.0000
31.30 0.0000
31.31 0.0000
31.32 0.0000
31.33 0.0000
31.34 0.0000
31.35 0.0000
31.36 0.0000
31.37 0.0000
31.38 0.0000
31.39 0.0000
31.40 504.6979
31.41 504.6979
31.42 504.6979
31.43 502.8792
31.44 501.0670
31.45 497.4622
31.46 497.4622
31.47 497.4622
31.48 497.4622
31.49 499.2613
31.50 502.8792
31.51 506.5233
31.52 508.3552
31.53 508.3552
31.54 508.3552
31.55 508.3552
31.56 508.3552
31.57 508.3552
31.58 506.5233
31.59 506.5233
31.60 504.6979
31.61 502.8792
31.62 499.2613
31.63 499.2613
31.64 499.2613
31.65 501.0670
31.66 501.0670
31.67 501.0670
31.68 501.0670
31.69 501.0670
31.70 501.0670
31.71 502.8792
31.72 504.6979
31.73 506.5233
31.74 506.5233
31.75 506.5233
31.76 508.3552
31.77 508.3552
31.78 508.3552
31.79 506.5233
31.80 506.5233
31.81 506.5233
31.82 506.5233
31.83 506.5233
31.84 504.6979
31.85 502.8792
31.86 502.8792
31.87 501.0670
31.88 499.2613
31.89 499.2613
31.90 497.4622
31.91 497.4622
31.92 497.4622
31.93 497.4622
31.94 497.4622
31.95 499.2613
31.96 499.2613
31.97 499.2613
31.98 501.0670
31.99 502.8792
32.00 510.1937
32.01 512.0389
32.02 512.0389
32.03 512.0389
32.04 512.0389
32.05 510.1937
32.06 508.3552
32.07 508.3552
32.08 506.5233
32.09 506.5233
32.10 504.6979
32.11 502.8792
32.12 502.8792
32.13 501.0670
32.14 499.2613
32.15 499.2613
32.16 499.2613
32.17 499.2613
32.18 499.2613
32.19 499.2613
32.20 501.0670
32.21 501.0670
32.22 502.8792
32.23 504.6979
32.24 508.3552
32.25 508.3552
32.26 508.3552
32.27 508.3552
32.28 508.3552
32.29 508.3552
32.30 508.3552
32.31 506.5233
32.32 506.5233
32.33 506.5233
32.34 502.8792
32.35 501.0670
32.36 497.4622
32.37 495.6695
32.38 490.3302
32.39 486.8026
32.40 479.8234
32.41 472.9443
32.42 466.1638
32.43 0.0000
32.44 0.0000
32.45 0.0000
32.46 0.0000
32.47 0.0000
32.48 0.0000
32.49 0.0000
32.50 448.0144
32.51 448.0144
32.52 448.0144
32.53 446.3999
32.54 446.3999
32.55 443.1884
32.56 443.1884
32.57 443.1884
32.58 441.5913
32.59 441.5913
32.60 441.5913
32.61 441.5913
32.62 441.5913
32.63 441.5913
32.64 441.5913
32.65 441.5913
32.66 441.5913
32.67 441.5913
32.68 441.5913
32.69 443.1884
32.70 444.7913
32.71 444.7913
32.72 444.7913
32.73 444.7913
32.74 443.1884
32.75 0.0000
32.76 0.0000
32.77 0.0000
32.78 0.0000
32.79 0.0000
32.80 0.0000
32.81 0.0000
32.82 0.0000
32.83 0.0000
32.84 0.0000
32.85 0.0000
32.86 0.0000
32.87 0.0000
32.88 0.0000
32.89 0.0000
32.90 0.0000
32.91 0.0000
32.92 0.0000
32.93 0.0000
32.94 0.0000
32.95 0.0000
32.96 0.0000
32.97 0.0000
32.98 0.0000
32.99 0.0000
33.00 0.0000
33.01 0.0000
33.02 0.0000
33.03 0.0000
33.04 0.0000
33.05 0.0000
33.06 501.0670
33.07 501.0670
33.08 501.0670
33.09 501.0670
33.10 499.2613
33.11 499.2613
33.12 499.2613
33.13 499.2613
33.14 499.2613
33.15 499.2613
33.16 499.2613
33.17 0.0000
33.18 0.0000
33.19 0.0000
33.20 0.0000
33.21 0.0000
33.22 0.0000
33.23 0.0000
33.24 0.0000
33.25 0.0000
33.26 0.0000
33.27 0.0000
33.28 0.0000
33.29 512.0389
33.30 513.8908
33.31 513.8908
33.32 513.8908
33.33 512.0389
33.34 512.0389
33.35 508.3552
33.36 508.3552
33.37 506.5233
33.38 504.6979
33.39 502.8792
33.40 502.8792
33.41 501.0670
33.42 501.0670
33.43 501.0670
33.44 501.0670
33.45 501.0670
33.46 501.0670
33.47 501.0670
33.48 501.0670
33.49 501.0670
33.50 502.8792
33.51 502.8792
33.52 502.8792
33.53 502.8792
33.54 502.8792
33.55 504.6979
33.56 504.6979
33.57 504.6979
33.58 504.6979
33.59 504.6979
33.60 506.5233
33.61 506.5233
33.62 506.5233
33.63 506.5233
33.64 506.5233
33.65 504.6979
33.66 504.6979
33.67 502.8792
33.68 502.8792
33.69 497.4622
33.70 495.6695
33.71 492.1035
33.72 492.1035
33.73 492.1035
33.74 495.6695
33.75 497.4622
33.76 499.2613
33.77 502.8792
33.78 504.6979
33.79 508.3552
33.80 508.3552
33.81 508.3552
33.82 508.3552
33.83 506.5233
33.84 506.5233
33.85 504.6979
33.86 501.0670
33.87 499.2613
33.88 499.2613
33.89 499.2613
33.90 499.2613
33.91 499.2613
33.92 501.0670
33.93 502.8792
33.94 508.3552
33.95 517.6147
33.96 521.3655
33.97 521.3655
33.98 521.3655
33.99 523.2511
34.00 536.6427
34.01 589.4537
34.02 595.8724
34.03 598.0275
34.04 598.0275
34.05 598.0275
34.06 595.8724
34.07 593.7251
34.08 591.5856
34.09 591.5856
34.10 0.0000
34.11 0.0000
34.12 0.0000
34.13 0.0000
34.14 0.0000
34.15 0.0000
34.16 0.0000
34.17 0.0000
34.18 0.0000
34.19 0.0000
34.20 0.0000
34.21 0.0000
34.22 0.0000
34.23 0.0000
34.24 0.0000
34.25 0.0000
34.26 0.0000
34.27 0.0000
34.28 0.0000
34.29 0.0000
34.30 0.0000
34.31 0.0000
34.32 0.0000
34.33 0.0000
34.34 0.0000
34.35 0.0000
34.36 0.0000
34.37 0.0000
34.38 0.0000
34.39 0.0000
34.40 0.0000
34.41 0.0000
34.42 0.0000
34.43 0.0000
34.44 0.0000
34.45 0.0000
34.46 0.0000
34.47 0.0000
34.48 0.0000
34.49 0.0000
34.50 504.6979
34.51 504.6979
34.52 504.6979
34.53 502.8792
34.54 501.0670
34.55 501.0670
34.56 499.2613
34.57 497.4622
34.58 495.6695
34.59 495.6695
34.60 495.6695
34.61 495.6695
34.62 497.4622
34.63 497.4622
34.64 497.4622
34.65 499.2613
34.66 501.0670
34.67 501.0670
34.68 501.0670
34.69 501.0670
34.70 501.0670
34.71 501.0670
34.72 0.0000
34.73 0.0000
34.74 0.0000
34.75 0.0000
34.76 0.0000
34.77 0.0000
34.78 490.3302
34.79 490.3302
34.80 492.1035
34.81 492.1035
34.82 492.1035
34.83 493.8833
34.84 495.6695
34.85 495.6695
34.86 495.6695
34.87 497.4622
34.88 499.2613
34.89 501.0670
34.90 502.8792
34.91 504.6979
34.92 504.6979
34.93 504.6979
34.94 504.6979
34.95 502.8792
34.96 502.8792
34.97 502.8792
34.98 502.8792
34.99 502.8792
35.00 502.8792
35.01 501.0670
35.02 501.0670
35.03 499.2613
35.04 499.2613
35.05 497.4622
35.06 495.6695
35.07 495.6695
35.08 492.1035
35.09 486.8026
35.10 479.8234
35.11 474.6548
35.12 471.2400
35.13 440.0000
35.14 440.0000
35.15 440.0000
35.16 440.0000
35.17 444.7913
35.18 446.3999
35.19 448.0144
35.20 449.6347
35.21 449.6347
35.22 449.6347
35.23 449.6347
35.24 449.6347
35.25 449.6347
35.26 448.0144
35.27 448.0144
35.28 446.3999
35.29 444.7913
35.30 444.7913
35.31 444.7913
35.32 444.7913
35.33 444.7913
35.34 444.7913
35.35 444.7913
35.36 444.7913
35.37 444.7913
35.38 444.7913
35.39 444.7913
35.40 444.7913
35.41 443.1884
35.42 443.1884
35.43 443.1884
35.44 443.1884
35.45 443.1884
35.46 443.1884
35.47 443.1884
35.48 443.1884
35.49 444.7913
35.50 444.7913
35.51 444.7913
35.52 446.3999
35.53 449.6347
35.54 449.6347
35.55 449.6347
35.56 449.6347
35.57 449.6347
35.58 449.6347
35.59 449.6347
35.60 449.6347
35.61 448.0144
35.62 446.3999
35.63 446.3999
35.64 446.3999
35.65 444.7913
35.66 444.7913
35.67 444.7913
35.68 444.7913
35.69 444.7913
35.70 444.7913
35.71 444.7913
35.72 443.1884
35.73 441.5913
35.74 0.0000
35.75 0.0000
35.76 0.0000
35.77 0.0000
35.78 0.0000
35.79 0.0000
35.80 0.0000
35.81 0.0000
35.82 0.0000
35.83 0.0000
35.84 0.0000
35.85 0.0000
35.86 0.0000
35.87 0.0000
35.88 0.0000
35.89 0.0000
35.90 0.0000
35.91 0.0000
35.92 0.0000
35.93 0.0000
35.94 0.0000
35.95 0.0000
35.96 391.9954
35.97 393.4132
35.98 393.4132
35.99 393.4132
36.00 393.4132
36.01 393.4132
36.02 391.9954
36.03 391.9954
36.04 391.9954
36.05 391.9954
36.06 391.9954
36.07 391.9954
36.08 393.4132
36.09 393.4132
36.10 394.8360
36.11 397.6971
36.12 399.1355
36.13 400.5790
36.14 403.4818
36.15 403.4818
36.16 403.4818
36.17 402.0278
36.18 402.0278
36.19 400.5790
36.20 399.1355
36.21 399.1355
36.22 397.6971
36.23 397.6971
36.24 397.6971
36.25 397.6971
36.26 397.6971
36.27 396.2640
36.28 396.2640
36.29 394.8360
36.30 394.8360
36.31 394.8360
36.32 394.8360
36.33 394.8360
36.34 396.2640
36.35 396.2640
36.36 396.2640
36.37 396.2640
36.38 397.6971
36.39 397.6971
36.40 397.6971
36.41 397.6971
36.42 397.6971
36.43 397.6971
36.44 397.6971
36.45 397.6971
36.46 399.1355
36.47 399.1355
36.48 400.5790
36.49 400.5790
36.50 402.0278
36.51 402.0278
36.52 402.0278
36.53 402.0278
36.54 402.0278
36.55 402.0278
36.56 400.5790
36.57 399.1355
36.58 0.0000
36.59 0.0000
36.60 0.0000
36.61 0.0000
36.62 0.0000
36.63 0.0000
36.64 0.0000
36.65 0.0000
36.66 0.0000
36.67 0.0000
36.68 0.0000
36.69 0.0000
36.70 0.0000
36.71 0.0000
36.72 0.0000
36.73 0.0000
36.74 0.0000
36.75 0.0000
36.76 0.0000
36.77 0.0000
36.78 0.0000
36.79 0.0000
36.80 0.0000
36.81 0.0000
36.82 0.0000
36.83 0.0000
36.84 0.0000
36.85 0.0000
36.86 0.0000
36.87 0.0000
36.88 0.0000
36.89 0.0000
36.90 0.0000
36.91 0.0000
36.92 0.0000
36.93 0.0000
36.94 0.0000
36.95 0.0000
36.96 0.0000
36.97 0.0000
36.98 0.0000
36.99 0.0000
37.00 0.0000
37.01 0.0000
37.02 0.0000
37.03 0.0000
37.04 0.0000
37.05 0.0000
37.06 0.0000
37.07 0.0000
37.08 0.0000
37.09 0.0000
37.10 0.0000
37.11 0.0000
37.12 0.0000
37.13 0.0000
37.14 0.0000
37.15 0.0000
37.16 0.0000
37.17 0.0000
37.18 0.0000
37.19 0.0000
37.20 0.0000
37.21 0.0000
37.22 0.0000
37.23 464.4839
37.24 464.4839
37.25 466.1638
37.26 467.8497
37.27 467.8497
37.28 467.8497
37.29 466.1638
37.30 466.1638
37.31 464.4839
37.32 462.8100
37.33 461.1423
37.34 461.1423
37.35 459.4805
37.36 459.4805
37.37 459.4805
37.38 457.8247
37.39 457.8247
37.40 456.1748
37.41 456.1748
37.42 456.1748
37.43 456.1748
37.44 454.5309
37.45 454.5309
37.46 454.5309
37.47 452.8930
37.48 452.8930
37.49 451.2609
37.50 451.2609
37.51 448.0144
37.52 448.0144
37.53 448.0144
37.54 448.0144
37.55 446.3999
37.56 444.7913
37.57 444.7913
37.58 444.7913
37.59 444.7913
37.60 444.7913
37.61 444.7913
37.62 444.7913
37.63 444.7913
37.64 443.1884
37.65 443.1884
37.66 441.5913
37.67 441.5913
37.68 440.0000
37.69 438.4144
37.70 435.2603
37.71 433.6918
37.72 430.5717
37.73 429.0201
37.74 429.0201
37.75 429.0201
37.76 429.0201
37.77 429.0201
37.78 429.0201
37.79 429.0201
37.80 432.1289
37.81 432.1289
37.82 438.4144
37.83 440.0000
37.84 440.0000
37.85 441.5913
37.86 443.1884
37.87 444.7913
37.88 444.7913
37.89 444.7913
37.90 443.1884
37.91 443.1884
37.92 443.1884
37.93 443.1884
37.94 443.1884
37.95 443.1884
37.96 444.7913
37.97 446.3999
37.98 448.0144
37.99 449.6347
38.00 451.2609
38.01 452.8930
38.02 454.5309
38.03 454.5309
38.04 454.5309
38.05 452.8930
38.06 452.8930
38.07 451.2609
38.08 449.6347
38.09 449.6347
38.10 449.6347
38.11 449.6347
38.12 449.6347
38.13 448.0144
38.14 448.0144
38.15 448.0144
38.16 449.6347
38.17 449.6347
38.18 449.6347
38.19 449.6347
38.20 451.2609
38.21 452.8930
38.22 452.8930
38.23 452.8930
38.24 451.2609
38.25 449.6347
38.26 446.3999
38.27 435.2603
38.28 0.0000
38.29 0.0000
38.30 0.0000
38.31 0.0000
38.32 0.0000
38.33 0.0000
38.34 0.0000
38.35 0.0000
38.36 0.0000
38.37 0.0000
38.38 0.0000
38.39 0.0000
38.40 0.0000
38.41 0.0000
38.42 0.0000
38.43 0.0000
38.44 409.3506
38.45 409.3506
38.46 409.3506
38.47 409.3506
38.48 409.3506
38.49 409.3506
38.50 409.3506
38.51 409.3506
38.52 409.3506
38.53 410.8310
38.54 410.8310
38.55 410.8310
38.56 412.3169
38.57 412.3169
38.58 412.3169
38.59 410.8310
38.60 409.3506
38.61 409.3506
38.62 407.8754
38.63 407.8754
38.64 406.4056
38.65 402.0278
38.66 399.1355
38.67 393.4132
38.68 387.7729
38.69 384.9831
38.70 376.7337
38.71 0.0000
38.72 0.0000
38.73 0.0000
38.74 0.0000
38.75 0.0000
38.76 0.0000
38.77 0.0000
38.78 0.0000
38.79 0.0000
38.80 0.0000
38.81 0.0000
38.82 0.0000
38.83 0.0000
38.84 0.0000
38.85 0.0000
38.86 0.0000
38.87 0.0000
38.88 0.0000
38.89 0.0000
38.90 0.0000
38.91 0.0000
38.92 0.0000
38.93 0.0000
38.94 0.0000
38.95 0.0000
38.96 0.0000
38.97 0.0000
38.98 0.0000
38.99 0.0000
39.00 0.0000
39.01 0.0000
39.02 0.0000
39.03 0.0000
39.04 0.0000
39.05 0.0000
39.06 0.0000
39.07 0.0000
39.08 0.0000
39.09 0.0000
39.10 0.0000
39.11 0.0000
39.12 0.0000
39.13 0.0000
39.14 0.0000
39.15 0.0000
39.16 0.0000
39.17 0.0000
39.18 0.0000
39.19 0.0000
39.20 0.0000
39.21 0.0000
39.22 0.0000
39.23 0.0000
39.24 0.0000
39.25 0.0000
39.26 0.0000
39.27 0.0000
39.28 0.0000
39.29 0.0000
39.30 0.0000
39.31 0.0000
39.32 0.0000
39.33 0.0000
39.34 0.0000
39.35 0.0000
39.36 0.0000
39.37 0.0000
39.38 0.0000
39.39 0.0000
39.40 0.0000
39.41 0.0000
39.42 0.0000
39.43 0.0000
39.44 0.0000
39.45 0.0000
39.46 0.0000
39.47 0.0000
39.48 0.0000
39.49 0.0000
39.50 0.0000
39.51 0.0000
39.52 0.0000
39.53 0.0000
39.54 0.0000
39.55 0.0000
39.56 0.0000
39.57 0.0000
39.58 0.0000
39.59 0.0000
39.60 0.0000
39.61 0.0000
39.62 0.0000
39.63 0.0000
39.64 0.0000
39.65 0.0000
39.66 0.0000
39.67 0.0000
39.68 0.0000
39.69 0.0000
39.70 0.0000
39.71 0.0000
39.72 0.0000
39.73 0.0000
39.74 0.0000
39.75 0.0000
39.76 0.0000
39.77 0.0000
39.78 0.0000
39.79 0.0000
39.80 0.0000
39.81 0.0000
39.82 0.0000
39.83 0.0000
39.84 0.0000
39.85 0.0000
39.86 0.0000
39.87 0.0000
39.88 0.0000
39.89 0.0000
39.90 0.0000
39.91 0.0000
39.92 0.0000
39.93 0.0000
39.94 0.0000
39.95 0.0000
39.96 0.0000
39.97 0.0000
39.98 0.0000
39.99 0.0000
40.00 0.0000
40.01 0.0000
40.02 291.5521
40.03 291.5521
40.04 291.5521
40.05 290.5014
40.06 290.5014
40.07 290.5014
40.08 290.5014
40.09 290.5014
40.10 291.5521
40.11 291.5521
40.12 292.6065
40.13 293.6648
40.14 296.8626
40.15 299.0138
40.16 299.0138
40.17 299.0138
40.18 299.0138
40.19 0.0000
40.20 0.0000
40.21 0.0000
40.22 0.0000
40.23 0.0000
40.24 0.0000
40.25 0.0000
40.26 0.0000
40.27 0.0000
40.28 0.0000
40.29 0.0000
40.30 0.0000
40.31 0.0000
40.32 0.0000
40.33 0.0000
40.34 0.0000
40.35 0.0000
40.36 0.0000
40.37 0.0000
40.38 0.0000
40.39 0.0000
40.40 0.0000
40.41 0.0000
40.42 0.0000
40.43 0.0000
40.44 396.2640
40.45 397.6971
40.46 399.1355
40.47 399.1355
40.48 399.1355
40.49 399.1355
40.50 399.1355
40.51 397.6971
40.52 394.8360
40.53 393.4132
40.54 393.4132
40.55 393.4132
40.56 394.8360
40.57 397.6971
40.58 399.1355
40.59 399.1355
40.60 400.5790
40.61 402.0278
40.62 402.0278
40.63 402.0278
40.64 399.1355
40.65 399.1355
40.66 396.2640
40.67 394.8360
40.68 394.8360
40.69 394.8360
40.70 396.2640
40.71 396.2640
40.72 397.6971
40.73 399.1355
40.74 399.1355
40.75 399.1355
40.76 402.0278
40.77 402.0278
40.78 402.0278
40.79 402.0278
40.80 400.5790
40.81 400.5790
40.82 400.5790
40.83 400.5790
40.84 399.1355
40.85 399.1355
40.86 399.1355
40.87 399.1355
40.88 400.5790
40.89 400.5790
40.90 400.5790
40.91 402.0278
40.92 406.4056
40.93 406.4056
40.94 406.4056
40.95 406.4056
40.96 406.4056
40.97 406.4056
40.98 406.4056
40.99 404.9410
41.00 403.4818
41.01 403.4818
41.02 402.0278
41.03 400.5790
41.04 399.1355
41.05 397.6971
41.06 397.6971
41.07 397.6971
41.08 397.6971
41.09 399.1355
41.10 399.1355
41.11 400.5790
41.12 400.5790
41.13 402.0278
41.14 403.4818
41.15 406.4056
41.16 406.4056
41.17 406.4056
41.18 406.4056
41.19 406.4056
41.20 406.4056
41.21 404.9410
41.22 404.9410
41.23 404.9410
41.24 404.9410
41.25 404.9410
41.26 403.4818
41.27 402.0278
41.28 400.5790
41.29 400.5790
41.30 400.5790
41.31 400.5790
41.32 402.0278
41.33 402.0278
41.34 403.4818
41.35 403.4818
41.36 403.4818
41.37 404.9410
41.38 404.9410
41.39 404.9410
41.40 404.9410
41.41 403.4818
41.42 403.4818
41.43 403.4818
41.44 403.4818
41.45 402.0278
41.46 402.0278
41.47 400.5790
41.48 400.5790
41.49 399.1355
41.50 399.1355
41.51 399.1355
41.52 399.1355
41.53 399.1355
41.54 399.1355
41.55 399.1355
41.56 399.1355
41.57 399.1355
41.58 399.1355
41.59 399.1355
41.60 400.5790
41.61 400.5790
41.62 400.5790
41.63 400.5790
41.64 400.5790
41.65 399.1355
41.66 399.1355
41.67 399.1355
41.68 399.1355
41.69 399.1355
41.70 399.1355
41.71 400.5790
41.72 400.5790
41.73 400.5790
41.74 402.0278
41.75 402.0278
41.76 403.4818
41.77 403.4818
41.78 404.9410
41.79 404.9410
41.80 404.9410
41.81 403.4818
41.82 403.4818
41.83 403.4818
41.84 403.4818
41.85 399.1355
41.86 399.1355
41.87 399.1355
41.88 399.1355
41.89 399.1355
41.90 399.1355
41.91 399.1355
41.92 399.1355
41.93 400.5790
41.94 400.5790
41.95 402.0278
41.96 402.0278
41.97 402.0278
41.98 402.0278
41.99 402.0278
42.00 402.0278
42.01 402.0278
42.02 402.0278
42.03 402.0278
42.04 402.0278
42.05 402.0278
42.06 402.0278
42.07 402.0278
42.08 402.0278
42.09 400.5790
42.10 400.5790
42.11 400.5790
42.12 399.1355
42.13 399.1355
42.14 399.1355
42.15 397.6971
42.16 393.4132
42.17 393.4132
42.18 393.4132
42.19 393.4132
42.20 394.8360
42.21 394.8360
42.22 396.2640
42.23 399.1355
42.24 399.1355
42.25 402.0278
42.26 403.4818
42.27 406.4056
42.28 406.4056
42.29 406.4056
42.30 406.4056
42.31 404.9410
42.32 403.4818
42.33 402.0278
42.34 400.5790
42.35 399.1355
42.36 399.1355
42.37 397.6971
42.38 397.6971
42.39 397.6971
42.40 397.6971
42.41 397.6971
42.42 399.1355
42.43 399.1355
42.44 400.5790
42.45 400.5790
42.46 400.5790
42.47 0.0000
42.48 0.0000
42.49 0.0000
42.50 404.9410
42.51 404.9410
42.52 404.9410
42.53 404.9410
42.54 0.0000
42.55 0.0000
42.56 0.0000
42.57 0.0000
42.58 0.0000
42.59 0.0000
42.60 0.0000
42.61 0.0000
42.62 0.0000
42.63 0.0000
42.64 0.0000
42.65 0.0000
42.66 0.0000
42.67 0.0000
42.68 0.0000
42.69 0.0000
42.70 0.0000
42.71 0.0000
42.72 0.0000
42.73 0.0000
42.74 0.0000
42.75 0.0000
42.76 0.0000
42.77 0.0000
42.78 0.0000
42.79 0.0000
42.80 0.0000
42.81 0.0000
42.82 0.0000
42.83 0.0000
42.84 0.0000
42.85 0.0000
42.86 0.0000
42.87 0.0000
42.88 0.0000
42.89 0.0000
42.90 0.0000
42.91 0.0000
42.92 0.0000
42.93 0.0000
42.94 0.0000
42.95 0.0000
42.96 0.0000
42.97 0.0000
42.98 0.0000
42.99 0.0000
43.00 0.0000
43.01 0.0000
43.02 0.0000
43.03 0.0000
43.04 0.0000
43.05 0.0000
43.06 0.0000
43.07 0.0000
43.08 0.0000
43.09 0.0000
43.10 0.0000
43.11 0.0000
43.12 0.0000
43.13 0.0000
43.14 0.0000
43.15 0.0000
43.16 0.0000
43.17 0.0000
43.18 0.0000
43.19 0.0000
43.20 0.0000
43.21 0.0000
43.22 0.0000
43.23 0.0000
43.24 0.0000
43.25 0.0000
43.26 0.0000
43.27 0.0000
43.28 0.0000
43.29 0.0000
43.30 0.0000
43.31 0.0000
43.32 0.0000
43.33 0.0000
43.34 0.0000
43.35 0.0000
43.36 0.0000
43.37 0.0000
43.38 0.0000
43.39 0.0000
43.40 0.0000
43.41 0.0000
43.42 0.0000
43.43 0.0000
43.44 0.0000
43.45 0.0000
43.46 0.0000
43.47 0.0000
43.48 0.0000
43.49 0.0000
43.50 0.0000
43.51 0.0000
43.52 0.0000
43.53 0.0000
43.54 0.0000
43.55 0.0000
43.56 0.0000
43.57 0.0000
43.58 0.0000
43.59 0.0000
43.60 0.0000
43.61 0.0000
43.62 0.0000
43.63 0.0000
43.64 0.0000
43.65 0.0000
43.66 0.0000
43.67 0.0000
43.68 0.0000
43.69 0.0000
43.70 0.0000
43.71 0.0000
43.72 0.0000
43.73 0.0000
43.74 0.0000
43.75 0.0000
43.76 0.0000
43.77 0.0000
43.78 0.0000
43.79 0.0000
43.80 0.0000
43.81 0.0000
43.82 0.0000
43.83 0.0000
43.84 0.0000
43.85 0.0000
43.86 0.0000
43.87 0.0000
43.88 0.0000
43.89 0.0000
43.90 0.0000
43.91 0.0000
43.92 0.0000
43.93 0.0000
43.94 0.0000
43.95 0.0000
43.96 0.0000
43.97 0.0000
43.98 0.0000
43.99 0.0000
44.00 0.0000
44.01 0.0000
