0.00 0.0000
0.01 0.0000
0.02 0.0000
0.03 0.0000
0.04 0.0000
0.05 0.0000
0.06 0.0000
0.07 0.0000
0.08 0.0000
0.09 0.0000
0.10 0.0000
0.11 0.0000
0.12 0.0000
0.13 0.0000
0.14 0.0000
0.15 0.0000
0.16 0.0000
0.17 0.0000
0.18 0.0000
0.19 0.0000
0.20 0.0000
0.21 0.0000
0.22 0.0000
0.23 0.0000
0.24 288.4115
0.25 288.4115
0.26 288.4115
0.27 288.4115
0.28 288.4115
0.29 287.3721
0.30 287.3721
0.31 287.3721
0.32 287.3721
0.33 287.3721
0.34 287.3721
0.35 288.4115
0.36 288.4115
0.37 289.4546
0.38 290.5014
0.39 290.5014
0.40 290.5014
0.41 291.5521
0.42 291.5521
0.43 292.6065
0.44 292.6065
0.45 292.6065
0.46 292.6065
0.47 291.5521
0.48 291.5521
0.49 290.5014
0.50 290.5014
0.51 289.4546
0.52 289.4546
0.53 289.4546
0.54 289.4546
0.55 289.4546
0.56 289.4546
0.57 289.4546
0.58 290.5014
0.59 290.5014
0.60 290.5014
0.61 290.5014
0.62 288.4115
0.63 288.4115
0.64 288.4115
0.65 289.4546
0.66 362.0662
0.67 362.0662
0.68 362.0662
0.69 362.0662
0.70 362.0662
0.71 288.4115
0.72 287.3721
0.73 284.2766
0.74 282.2314
0.75 279.1912
0.76 279.1912
0.77 279.1912
0.78 279.1912
0.79 280.2010
0.80 281.2143
0.81 281.2143
0.82 282.2314
0.83 283.2521
0.84 285.3047
0.85 287.3721
0.86 288.4115
0.87 289.4546
0.88 290.5014
0.89 290.5014
0.90 290.5014
0.91 290.5014
0.92 290.5014
0.93 290.5014
0.94 291.5521
0.95 291.5521
0.96 291.5521
0.97 291.5521
0.98 291.5521
0.99 291.5521
1.00 291.5521
1.01 291.5521
1.02 290.5014
1.03 290.5014
1.04 290.5014
1.05 290.5014
1.06 290.5014
1.07 290.5014
1.08 290.5014
1.09 291.5521
1.10 292.6065
1.11 294.7269
1.12 294.7269
1.13 294.7269
1.14 294.7269
1.15 293.6648
1.16 293.6648
1.17 293.6648
1.18 293.6648
1.19 295.7928
1.20 393.4132
1.21 393.4132
1.22 394.8360
1.23 394.8360
1.24 397.6971
1.25 397.6971
1.26 397.6971
1.27 394.8360
1.28 394.8360
1.29 394.8360
1.30 394.8360
1.31 396.2640
1.32 410.8310
1.33 416.8067
1.34 418.3142
1.35 432.1289
1.36 440.0000
1.37 440.0000
1.38 440.0000
1.39 440.0000
1.40 440.0000
1.41 438.4144
1.42 438.4144
1.43 438.4144
1.44 438.4144
1.45 436.8345
1.46 436.8345
1.47 436.8345
1.48 436.8345
1.49 436.8345
1.50 435.2603
1.51 432.1289
1.52 430.5717
1.53 430.5717
1.54 430.5717
1.55 430.5717
1.56 430.5717
1.57 435.2603
1.58 438.4144
1.59 441.5913
1.60 444.7913
1.61 444.7913
1.62 444.7913
1.63 443.1884
1.64 443.1884
1.65 441.5913
1.66 441.5913
1.67 441.5913
1.68 440.0000
1.69 440.0000
1.70 440.0000
1.71 440.0000
1.72 440.0000
1.73 440.0000
1.74 440.0000
1.75 440.0000
1.76 440.0000
1.77 440.0000
1.78 440.0000
1.79 440.0000
1.80 440.0000
1.81 440.0000
1.82 440.0000
1.83 444.7913
1.84 444.7913
1.85 444.7913
1.86 443.1884
1.87 443.1884
1.88 441.5913
1.89 441.5913
1.90 441.5913
1.91 440.0000
1.92 440.0000
1.93 438.4144
1.94 436.8345
1.95 436.8345
1.96 435.2603
1.97 435.2603
1.98 435.2603
1.99 435.2603
2.00 436.8345
2.01 436.8345
2.02 436.8345
2.03 436.8345
2.04 436.8345
2.05 436.8345
2.06 436.8345
2.07 438.4144
2.08 440.0000
2.09 440.0000
2.10 440.0000
2.11 440.0000
2.12 440.0000
2.13 440.0000
2.14 440.0000
2.15 440.0000
2.16 440.0000
2.17 272.2242
2.18 271.2432
2.19 271.2432
2.20 270.2657
2.21 263.5214
2.22 261.6256
2.23 256.0195
2.24 252.3490
2.25 248.7311
2.26 243.4013
2.27 243.4013
2.28 241.6502
2.29 240.7794
2.30 240.7794
2.31 239.9117
2.32 239.9117
2.33 239.9117
2.34 239.9117
2.35 239.9117
2.36 239.9117
2.37 239.9117
2.38 239.9117
2.39 239.9117
2.40 239.9117
2.41 239.9117
2.42 239.9117
2.43 240.7794
2.44 240.7794
2.45 240.7794
2.46 240.7794
2.47 241.6502
2.48 241.6502
2.49 241.6502
2.50 241.6502
2.51 241.6502
2.52 241.6502
2.53 241.6502
2.54 241.6502
2.55 241.6502
2.56 240.7794
2.57 239.9117
2.58 239.0471
2.59 238.1857
2.60 238.1857
2.61 238.1857
2.62 238.1857
2.63 238.1857
2.64 238.1857
2.65 238.1857
2.66 239.0471
2.67 239.0471
2.68 239.0471
2.69 239.0471
2.70 238.1857
2.71 238.1857
2.72 238.1857
2.73 394.8360
2.74 394.8360
2.75 396.2640
2.76 396.2640
2.77 396.2640
2.78 396.2640
2.79 391.9954
2.80 386.3755
2.81 386.3755
2.82 386.3755
2.83 386.3755
2.84 386.3755
2.85 390.5828
2.86 446.3999
2.87 448.0144
2.88 448.0144
2.89 448.0144
2.90 446.3999
2.91 443.1884
2.92 440.0000
2.93 436.8345
2.94 436.8345
2.95 436.8345
2.96 436.8345
2.97 436.8345
2.98 436.8345
2.99 436.8345
3.00 436.8345
3.01 436.8345
3.02 436.8345
3.03 436.8345
3.04 436.8345
3.05 249.6307
3.06 243.4013
3.07 240.7794
3.08 239.0471
3.09 238.1857
3.10 237.3274
3.11 237.3274
3.12 237.3274
3.13 237.3274
3.14 238.1857
3.15 238.1857
3.16 238.1857
3.17 238.1857
3.18 238.1857
3.19 238.1857
3.20 238.1857
3.21 238.1857
3.22 237.3274
3.23 235.6200
3.24 233.9249
3.25 0.0000
3.26 0.0000
3.27 0.0000
3.28 0.0000
3.29 0.0000
3.30 0.0000
3.31 0.0000
3.32 0.0000
3.33 0.0000
3.34 0.0000
3.35 0.0000
3.36 0.0000
3.37 0.0000
3.38 0.0000
3.39 0.0000
3.40 201.0139
3.41 201.0139
3.42 201.0139
3.43 200.2895
3.44 200.2895
3.45 200.2895
3.46 200.2895
3.47 203.9377
3.48 204.6753
3.49 205.4155
3.50 205.4155
3.51 206.1584
3.52 206.1584
3.53 206.1584
3.54 206.1584
3.55 206.1584
3.56 206.1584
3.57 206.1584
3.58 205.4155
3.59 205.4155
3.60 205.4155
3.61 205.4155
3.62 205.4155
3.63 205.4155
3.64 205.4155
3.65 205.4155
3.66 0.0000
3.67 0.0000
3.68 0.0000
3.69 0.0000
3.70 0.0000
3.71 0.0000
3.72 371.3326
3.73 371.3326
3.74 371.3326
3.75 371.3326
3.76 369.9944
3.77 368.6611
3.78 367.3326
3.79 0.0000
3.80 0.0000
3.81 0.0000
3.82 0.0000
3.83 0.0000
3.84 0.0000
3.85 0.0000
3.86 0.0000
3.87 0.0000
3.88 0.0000
3.89 0.0000
3.90 0.0000
3.91 372.6756
3.92 375.3761
3.93 375.3761
3.94 375.3761
3.95 374.0234
3.96 372.6756
3.97 372.6756
3.98 372.6756
3.99 372.6756
4.00 372.6756
4.01 372.6756
4.02 372.6756
4.03 212.9668
4.04 212.9668
4.05 212.9668
4.06 213.7370
4.07 213.7370
4.08 214.5100
4.09 214.5100
4.10 215.2859
4.11 215.2859
4.12 215.2859
4.13 0.0000
4.14 0.0000
4.15 0.0000
4.16 0.0000
4.17 0.0000
4.18 0.0000
4.19 0.0000
4.20 0.0000
4.21 0.0000
4.22 0.0000
4.23 0.0000
4.24 0.0000
4.25 0.0000
4.26 0.0000
4.27 0.0000
4.28 0.0000
4.29 0.0000
4.30 0.0000
4.31 0.0000
4.32 0.0000
4.33 0.0000
4.34 0.0000
4.35 0.0000
4.36 0.0000
4.37 0.0000
4.38 0.0000
4.39 0.0000
4.40 0.0000
4.41 0.0000
4.42 0.0000
4.43 0.0000
4.44 0.0000
4.45 0.0000
4.46 0.0000
4.47 0.0000
4.48 0.0000
4.49 0.0000
4.50 0.0000
4.51 290.5014
4.52 291.5521
4.53 291.5521
4.54 291.5521
4.55 292.6065
4.56 292.6065
4.57 292.6065
4.58 293.6648
4.59 294.7269
4.60 294.7269
4.61 294.7269
4.62 292.6065
4.63 291.5521
4.64 290.5014
4.65 266.3910
4.66 265.4310
4.67 265.4310
4.68 265.4310
4.69 265.4310
4.70 278.1851
4.71 287.3721
4.72 287.3721
4.73 288.4115
4.74 288.4115
4.75 288.4115
4.76 289.4546
4.77 289.4546
4.78 290.5014
4.79 291.5521
4.80 291.5521
4.81 291.5521
4.82 292.6065
4.83 292.6065
4.84 292.6065
4.85 293.6648
4.86 293.6648
4.87 293.6648
4.88 293.6648
4.89 293.6648
4.90 291.5521
4.91 289.4546
4.92 289.4546
4.93 289.4546
4.94 289.4546
4.95 289.4546
4.96 364.6899
4.97 364.6899
4.98 364.6899
4.99 363.3757
5.00 363.3757
5.01 363.3757
5.02 363.3757
5.03 363.3757
5.04 363.3757
5.05 363.3757
5.06 362.0662
5.07 296.8626
5.08 296.8626
5.09 296.8626
5.10 296.8626
5.11 296.8626
5.12 296.8626
5.13 296.8626
5.14 295.7928
5.15 294.7269
5.16 292.6065
5.17 291.5521
5.18 0.0000
5.19 0.0000
5.20 0.0000
5.21 0.0000
5.22 0.0000
5.23 0.0000
5.24 0.0000
5.25 291.5521
5.26 291.5521
5.27 329.6276
5.28 330.8197
5.29 393.4132
5.30 393.4132
5.31 393.4132
5.32 393.4132
5.33 393.4132
5.34 293.6648
5.35 293.6648
5.36 293.6648
5.37 291.5521
5.38 290.5014
5.39 0.0000
5.40 0.0000
5.41 0.0000
5.42 0.0000
5.43 0.0000
5.44 0.0000
5.45 438.4144
5.46 438.4144
5.47 438.4144
5.48 436.8345
5.49 436.8345
5.50 433.6918
5.51 432.1289
5.52 432.1289
5.53 430.5717
5.54 430.5717
5.55 430.5717
5.56 429.0201
5.57 429.0201
5.58 429.0201
5.59 427.4741
5.60 427.4741
5.61 427.4741
5.62 421.3454
5.63 421.3454
5.64 421.3454
5.65 421.3454
5.66 427.4741
5.67 429.0201
5.68 432.1289
5.69 438.4144
5.70 443.1884
5.71 443.1884
5.72 443.1884
5.73 441.5913
5.74 441.5913
5.75 440.0000
5.76 440.0000
5.77 440.0000
5.78 440.0000
5.79 440.0000
5.80 440.0000
5.81 440.0000
5.82 440.0000
5.83 440.0000
5.84 438.4144
5.85 438.4144
5.86 438.4144
5.87 436.8345
5.88 435.2603
5.89 418.3142
5.90 418.3142
5.91 418.3142
5.92 427.4741
5.93 429.0201
5.94 432.1289
5.95 438.4144
5.96 440.0000
5.97 440.0000
5.98 440.0000
5.99 440.0000
6.00 440.0000
6.01 440.0000
6.02 438.4144
6.03 436.8345
6.04 436.8345
6.05 433.6918
6.06 433.6918
6.07 432.1289
6.08 432.1289
6.09 432.1289
6.10 432.1289
6.11 435.2603
6.12 438.4144
6.13 440.0000
6.14 440.0000
6.15 440.0000
6.16 440.0000
6.17 438.4144
6.18 436.8345
6.19 436.8345
6.20 432.1289
6.21 430.5717
6.22 429.0201
6.23 429.0201
6.24 429.0201
6.25 429.0201
6.26 429.0201
6.27 429.0201
6.28 429.0201
6.29 429.0201
6.30 274.1968
6.31 274.1968
6.32 274.1968
6.33 275.1885
6.34 275.1885
6.35 275.1885
6.36 276.1838
6.37 276.1838
6.38 277.1826
6.39 277.1826
6.40 277.1826
6.41 277.1826
6.42 277.1826
6.43 276.1838
6.44 273.2087
6.45 265.4310
6.46 261.6256
6.47 259.7434
6.48 258.8073
6.49 256.0195
6.50 249.6307
6.51 247.8348
6.52 246.0518
6.53 246.0518
6.54 246.0518
6.55 246.0518
6.56 245.1651
6.57 244.2816
6.58 243.4013
6.59 243.4013
6.60 243.4013
6.61 243.4013
6.62 243.4013
6.63 243.4013
6.64 243.4013
6.65 243.4013
6.66 243.4013
6.67 243.4013
6.68 243.4013
6.69 242.5242
6.70 242.5242
6.71 242.5242
6.72 242.5242
6.73 244.2816
6.74 245.1651
6.75 247.8348
6.76 247.8348
6.77 247.8348
6.78 247.8348
6.79 247.8348
6.80 247.8348
6.81 246.9417
6.82 246.9417
6.83 246.9417
6.84 246.9417
6.85 248.7311
6.86 249.6307
6.87 249.6307
6.88 249.6307
6.89 249.6307
6.90 248.7311
6.91 245.1651
6.92 245.1651
6.93 245.1651
6.94 452.8930
6.95 452.8930
6.96 452.8930
6.97 452.8930
6.98 449.6347
6.99 448.0144
7.00 444.7913
7.01 438.4144
7.02 433.6918
7.03 430.5717
7.04 429.0201
7.05 429.0201
7.06 429.0201
7.07 430.5717
7.08 432.1289
7.09 433.6918
7.10 435.2603
7.11 435.2603
7.12 435.2603
7.13 270.2657
7.14 270.2657
7.15 270.2657
7.16 266.3910
7.17 265.4310
7.18 262.5718
7.19 258.8073
7.20 253.2616
7.21 248.7311
7.22 243.4013
7.23 242.5242
7.24 240.7794
7.25 239.0471
7.26 238.1857
7.27 238.1857
7.28 238.1857
7.29 238.1857
7.30 238.1857
7.31 238.1857
7.32 238.1857
7.33 238.1857
7.34 238.1857
7.35 238.1857
7.36 238.1857
7.37 238.1857
7.38 237.3274
7.39 235.6200
7.40 0.0000
7.41 0.0000
7.42 0.0000
7.43 0.0000
7.44 0.0000
7.45 0.0000
7.46 0.0000
7.47 0.0000
7.48 0.0000
7.49 0.0000
7.50 0.0000
7.51 0.0000
7.52 0.0000
7.53 0.0000
7.54 0.0000
7.55 215.2859
7.56 215.2859
7.57 215.2859
7.58 214.5100
7.59 213.7370
7.60 213.7370
7.61 213.7370
7.62 213.7370
7.63 213.7370
7.64 213.7370
7.65 213.7370
7.66 214.5100
7.67 214.5100
7.68 214.5100
7.69 214.5100
7.70 214.5100
7.71 214.5100
7.72 214.5100
7.73 214.5100
7.74 214.5100
7.75 213.7370
7.76 213.7370
7.77 212.9668
7.78 212.9668
7.79 212.9668
7.80 212.1993
7.81 212.1993
7.82 212.1993
7.83 212.1993
7.84 212.1993
7.85 212.1993
7.86 212.1993
7.87 212.1993
7.88 212.1993
7.89 212.1993
7.90 0.0000
7.91 0.0000
7.92 0.0000
7.93 0.0000
7.94 0.0000
7.95 0.0000
7.96 0.0000
7.97 0.0000
7.98 0.0000
7.99 0.0000
8.00 0.0000
8.01 0.0000
8.02 0.0000
8.03 0.0000
8.04 0.0000
8.05 215.2859
8.06 215.2859
8.07 215.2859
8.08 214.5100
8.09 213.7370
8.10 213.7370
8.11 213.7370
8.12 213.7370
8.13 214.5100
8.14 214.5100
8.15 214.5100
8.16 214.5100
8.17 214.5100
8.18 213.7370
8.19 213.7370
8.20 213.7370
8.21 213.7370
8.22 0.0000
8.23 0.0000
8.24 0.0000
8.25 0.0000
8.26 0.0000
8.27 0.0000
8.28 0.0000
8.29 0.0000
8.30 0.0000
8.31 0.0000
8.32 0.0000
8.33 0.0000
8.34 0.0000
8.35 0.0000
8.36 0.0000
8.37 0.0000
8.38 0.0000
8.39 0.0000
8.40 0.0000
8.41 0.0000
8.42 0.0000
8.43 0.0000
8.44 0.0000
8.45 0.0000
8.46 0.0000
8.47 0.0000
8.48 0.0000
8.49 0.0000
8.50 0.0000
8.51 0.0000
8.52 0.0000
8.53 0.0000
8.54 0.0000
8.55 0.0000
8.56 0.0000
8.57 0.0000
8.58 0.0000
8.59 0.0000
8.60 0.0000
8.61 0.0000
8.62 240.7794
8.63 240.7794
8.64 240.7794
8.65 239.9117
8.66 239.9117
8.67 239.9117
8.68 239.9117
8.69 239.9117
8.70 239.9117
8.71 240.7794
8.72 240.7794
8.73 240.7794
8.74 240.7794
8.75 240.7794
8.76 241.6502
8.77 241.6502
8.78 241.6502
8.79 241.6502
8.80 241.6502
8.81 241.6502
8.82 241.6502
8.83 240.7794
8.84 240.7794
8.85 239.9117
8.86 239.9117
8.87 239.9117
8.88 239.9117
8.89 239.9117
8.90 239.9117
8.91 239.9117
8.92 239.9117
8.93 239.9117
8.94 239.9117
8.95 240.7794
8.96 240.7794
8.97 240.7794
8.98 240.7794
8.99 240.7794
9.00 240.7794
9.01 240.7794
9.02 241.6502
9.03 241.6502
9.04 241.6502
9.05 241.6502
9.06 241.6502
9.07 242.5242
9.08 242.5242
9.09 242.5242
9.10 242.5242
9.11 242.5242
9.12 242.5242
9.13 242.5242
9.14 241.6502
9.15 240.7794
9.16 240.7794
9.17 239.9117
9.18 239.9117
9.19 239.9117
9.20 240.7794
9.21 240.7794
9.22 240.7794
9.23 240.7794
9.24 240.7794
9.25 240.7794
9.26 240.7794
9.27 240.7794
9.28 240.7794
9.29 240.7794
9.30 240.7794
9.31 240.7794
9.32 240.7794
9.33 240.7794
9.34 240.7794
9.35 240.7794
9.36 240.7794
9.37 240.7794
9.38 240.7794
9.39 240.7794
9.40 240.7794
9.41 240.7794
9.42 240.7794
9.43 239.9117
9.44 239.0471
9.45 239.0471
9.46 239.0471
9.47 239.0471
9.48 239.0471
9.49 239.9117
9.50 239.9117
9.51 239.9117
9.52 239.0471
9.53 238.1857
9.54 235.6200
9.55 0.0000
9.56 0.0000
9.57 0.0000
9.58 0.0000
9.59 0.0000
9.60 0.0000
9.61 0.0000
9.62 0.0000
9.63 363.3757
9.64 363.3757
9.65 363.3757
9.66 362.0662
9.67 362.0662
9.68 362.0662
9.69 362.0662
9.70 363.3757
9.71 363.3757
9.72 363.3757
9.73 362.0662
9.74 362.0662
9.75 360.7615
9.76 0.0000
9.77 0.0000
9.78 0.0000
9.79 0.0000
9.80 0.0000
9.81 0.0000
9.82 0.0000
9.83 0.0000
9.84 0.0000
9.85 0.0000
9.86 0.0000
9.87 0.0000
9.88 368.6611
9.89 368.6611
9.90 368.6611
9.91 367.3326
9.92 363.3757
9.93 363.3757
9.94 363.3757
9.95 363.3757
9.96 363.3757
9.97 182.3449
9.98 182.3449
9.99 182.3449
10.00 182.3449
10.01 216.8459
10.02 216.8459
10.03 216.8459
10.04 0.0000
10.05 0.0000
10.06 0.0000
10.07 0.0000
10.08 0.0000
10.09 0.0000
10.10 0.0000
10.11 0.0000
10.12 0.0000
10.13 0.0000
10.14 0.0000
10.15 0.0000
10.16 0.0000
10.17 0.0000
10.18 0.0000
10.19 363.3757
10.20 363.3757
10.21 363.3757
10.22 362.0662
10.23 215.2859
10.24 215.2859
10.25 215.2859
10.26 215.2859
10.27 215.2859
10.28 215.2859
10.29 215.2859
10.30 215.2859
10.31 215.2859
10.32 215.2859
10.33 215.2859
10.34 215.2859
10.35 215.2859
10.36 215.2859
10.37 215.2859
10.38 215.2859
10.39 215.2859
10.40 215.2859
10.41 215.2859
10.42 214.5100
10.43 214.5100
10.44 214.5100
10.45 214.5100
10.46 214.5100
10.47 214.5100
10.48 214.5100
10.49 215.2859
10.50 215.2859
10.51 216.0645
10.52 216.8459
10.53 216.8459
10.54 216.8459
10.55 217.6302
10.56 217.6302
10.57 333.2170
10.58 333.2170
10.59 333.2170
10.60 332.0162
10.61 326.0768
10.62 324.9018
10.63 323.7309
10.64 323.7309
10.65 323.7309
10.66 323.7309
10.67 322.5643
10.68 322.5643
10.69 322.5643
10.70 322.5643
10.71 322.5643
10.72 322.5643
10.73 321.4019
10.74 321.4019
10.75 193.1877
10.76 193.1877
10.77 193.1877
10.78 193.1877
10.79 192.4916
10.80 192.4916
10.81 191.1067
10.82 0.0000
10.83 0.0000
10.84 0.0000
10.85 327.2561
10.86 327.2561
10.87 327.2561
10.88 327.2561
10.89 326.0768
10.90 326.0768
10.91 326.0768
10.92 324.9018
10.93 324.9018
10.94 323.7309
10.95 323.7309
10.96 323.7309
10.97 323.7309
10.98 323.7309
10.99 322.5643
11.00 321.4019
11.01 191.1067
11.02 191.1067
11.03 191.1067
11.04 191.1067
11.05 191.7979
11.06 191.7979
11.07 192.4916
11.08 193.1877
11.09 193.8864
11.10 193.8864
11.11 193.8864
11.12 0.0000
11.13 0.0000
11.14 0.0000
11.15 0.0000
11.16 0.0000
11.17 0.0000
11.18 367.3326
11.19 367.3326
11.20 367.3326
11.21 366.0088
11.22 364.6899
11.23 364.6899
11.24 364.6899
11.25 363.3757
11.26 363.3757
11.27 363.3757
11.28 363.3757
11.29 363.3757
11.30 363.3757
11.31 360.7615
11.32 359.4614
11.33 355.5893
11.34 350.4913
11.35 345.4663
11.36 345.4663
11.37 332.0162
11.38 330.8197
11.39 328.4397
11.40 327.2561
11.41 326.0768
11.42 323.7309
11.43 323.7309
11.44 323.7309
11.45 322.5643
11.46 322.5643
11.47 0.0000
11.48 0.0000
11.49 0.0000
11.50 0.0000
11.51 191.1067
11.52 191.1067
11.53 191.7979
11.54 192.4916
11.55 193.1877
11.56 193.1877
11.57 193.1877
11.58 193.1877
11.59 193.1877
11.60 193.1877
11.61 192.4916
11.62 192.4916
11.63 191.1067
11.64 190.4180
11.65 183.0044
11.66 182.3449
11.67 182.3449
11.68 182.3449
11.69 182.3449
11.70 285.3047
11.71 285.3047
11.72 285.3047
11.73 284.2766
11.74 284.2766
11.75 284.2766
11.76 284.2766
11.77 285.3047
11.78 285.3047
11.79 285.3047
11.80 285.3047
11.81 285.3047
11.82 285.3047
11.83 285.3047
11.84 285.3047
11.85 285.3047
11.86 285.3047
11.87 285.3047
11.88 285.3047
11.89 286.3366
11.90 286.3366
11.91 286.3366
11.92 286.3366
11.93 287.3721
11.94 287.3721
11.95 287.3721
11.96 287.3721
11.97 287.3721
11.98 288.4115
11.99 288.4115
12.00 288.4115
12.01 288.4115
12.02 288.4115
12.03 288.4115
12.04 288.4115
12.05 288.4115
12.06 288.4115
12.07 288.4115
12.08 288.4115
12.09 184.9972
12.10 184.9972
12.11 184.9972
12.12 184.9972
12.13 184.9972
12.14 184.9972
12.15 184.3305
12.16 183.6663
12.17 183.0044
12.18 182.3449
12.19 182.3449
12.20 182.3449
12.21 182.3449
12.22 182.3449
12.23 182.3449
12.24 183.0044
12.25 184.3305
12.26 184.9972
12.27 185.6663
12.28 187.0117
12.29 187.0117
12.30 187.0117
12.31 186.3378
12.32 185.6663
12.33 185.6663
12.34 184.9972
12.35 184.9972
12.36 184.3305
12.37 184.3305
12.38 184.3305
12.39 183.6663
12.40 0.0000
12.41 0.0000
12.42 0.0000
12.43 0.0000
12.44 0.0000
12.45 0.0000
12.46 0.0000
12.47 0.0000
12.48 0.0000
12.49 0.0000
12.50 0.0000
12.51 0.0000
12.52 0.0000
12.53 0.0000
12.54 0.0000
12.55 0.0000
12.56 0.0000
12.57 0.0000
12.58 0.0000
12.59 0.0000
12.60 0.0000
12.61 0.0000
12.62 0.0000
12.63 0.0000
12.64 0.0000
12.65 0.0000
12.66 0.0000
12.67 0.0000
12.68 0.0000
12.69 0.0000
12.70 0.0000
12.71 383.5958
12.72 383.5958
12.73 383.5958
12.74 380.8361
12.75 379.4637
12.76 378.0962
12.77 378.0962
12.78 376.7337
12.79 372.6756
12.80 248.7311
12.81 248.7311
12.82 248.7311
12.83 247.8348
12.84 247.8348
12.85 246.9417
12.86 246.0518
12.87 246.0518
12.88 245.1651
12.89 244.2816
12.90 244.2816
12.91 244.2816
12.92 243.4013
12.93 243.4013
12.94 242.5242
12.95 241.6502
12.96 241.6502
12.97 240.7794
12.98 240.7794
12.99 240.7794
13.00 241.6502
13.01 242.5242
13.02 247.8348
13.03 247.8348
13.04 247.8348
13.05 246.0518
13.06 246.0518
13.07 245.1651
13.08 244.2816
13.09 244.2816
13.10 243.4013
13.11 243.4013
13.12 243.4013
13.13 243.4013
13.14 243.4013
13.15 243.4013
13.16 243.4013
13.17 242.5242
13.18 242.5242
13.19 242.5242
13.20 241.6502
13.21 241.6502
13.22 240.7794
13.23 236.4721
13.24 234.7709
13.25 233.9249
13.26 233.9249
13.27 233.9249
13.28 233.9249
13.29 234.7709
13.30 238.1857
13.31 239.9117
13.32 241.6502
13.33 246.0518
13.34 246.0518
13.35 246.0518
13.36 246.0518
13.37 246.0518
13.38 246.0518
13.39 246.0518
13.40 246.0518
13.41 245.1651
13.42 245.1651
13.43 245.1651
13.44 245.1651
13.45 244.2816
13.46 244.2816
13.47 244.2816
13.48 244.2816
13.49 244.2816
13.50 244.2816
13.51 244.2816
13.52 242.5242
13.53 241.6502
13.54 241.6502
13.55 241.6502
13.56 241.6502
13.57 241.6502
13.58 241.6502
13.59 240.7794
13.60 240.7794
13.61 240.7794
13.62 240.7794
13.63 240.7794
13.64 242.5242
13.65 242.5242
13.66 243.4013
13.67 243.4013
13.68 243.4013
13.69 243.4013
13.70 243.4013
13.71 241.6502
13.72 239.9117
13.73 239.0471
13.74 239.0471
13.75 239.0471
13.76 239.9117
13.77 240.7794
13.78 362.0662
13.79 362.0662
13.80 362.0662
13.81 362.0662
13.82 362.0662
13.83 233.9249
13.84 233.0819
13.85 228.0874
13.86 228.0874
13.87 226.4465
13.88 224.8174
13.89 221.5942
13.90 220.7957
13.91 219.2072
13.92 217.6302
13.93 217.6302
13.94 217.6302
13.95 369.9944
13.96 369.9944
13.97 369.9944
13.98 368.6611
13.99 368.6611
14.00 368.6611
14.01 368.6611
14.02 368.6611
14.03 368.6611
14.04 368.6611
14.05 368.6611
14.06 368.6611
14.07 367.3326
14.08 366.0088
14.09 363.3757
14.10 359.4614
14.11 355.5893
14.12 226.4465
14.13 225.6305
14.14 224.8174
14.15 224.8174
14.16 224.8174
14.17 224.8174
14.18 221.5942
14.19 0.0000
14.20 0.0000
14.21 0.0000
14.22 0.0000
14.23 0.0000
14.24 0.0000
14.25 0.0000
14.26 368.6611
14.27 368.6611
14.28 368.6611
14.29 367.3326
14.30 367.3326
14.31 366.0088
14.32 366.0088
14.33 366.0088
14.34 366.0088
14.35 364.6899
14.36 364.6899
14.37 364.6899
14.38 364.6899
14.39 364.6899
14.40 364.6899
14.41 364.6899
14.42 364.6899
14.43 363.3757
14.44 363.3757
14.45 363.3757
14.46 363.3757
14.47 363.3757
14.48 363.3757
14.49 363.3757
14.50 364.6899
14.51 364.6899
14.52 367.3326
14.53 367.3326
14.54 367.3326
14.55 367.3326
14.56 367.3326
14.57 0.0000
14.58 0.0000
14.59 0.0000
14.60 214.5100
14.61 214.5100
14.62 215.2859
14.63 216.0645
14.64 216.8459
14.65 216.8459
14.66 217.6302
14.67 217.6302
14.68 217.6302
14.69 216.8459
14.70 216.8459
14.71 216.8459
14.72 0.0000
14.73 0.0000
14.74 0.0000
14.75 0.0000
14.76 0.0000
14.77 323.7309
14.78 323.7309
14.79 324.9018
14.80 326.0768
14.81 326.0768
14.82 326.0768
14.83 327.2561
14.84 327.2561
14.85 327.2561
14.86 190.4180
14.87 190.4180
14.88 190.4180
14.89 191.1067
14.90 191.1067
14.91 191.7979
14.92 192.4916
14.93 193.1877
14.94 193.1877
14.95 193.8864
14.96 193.8864
14.97 193.8864
14.98 0.0000
14.99 0.0000
15.00 0.0000
15.01 0.0000
15.02 324.9018
15.03 324.9018
15.04 326.0768
15.05 328.4397
15.06 330.8197
15.07 330.8197
15.08 330.8197
15.09 0.0000
15.10 0.0000
15.11 0.0000
15.12 0.0000
15.13 0.0000
15.14 190.4180
15.15 190.4180
15.16 190.4180
15.17 190.4180
15.18 190.4180
15.19 189.7318
15.20 189.7318
15.21 189.0481
15.22 188.3669
15.23 188.3669
15.24 188.3669
15.25 374.0234
15.26 374.0234
15.27 374.0234
15.28 372.6756
15.29 367.3326
15.30 367.3326
15.31 366.0088
15.32 366.0088
15.33 366.0088
15.34 366.0088
15.35 366.0088
15.36 364.6899
15.37 363.3757
15.38 362.0662
15.39 360.7615
15.40 0.0000
15.41 0.0000
15.42 0.0000
15.43 0.0000
15.44 0.0000
15.45 0.0000
15.46 0.0000
15.47 0.0000
15.48 0.0000
15.49 0.0000
15.50 327.2561
15.51 327.2561
15.52 327.2561
15.53 327.2561
15.54 327.2561
15.55 327.2561
15.56 327.2561
15.57 327.2561
15.58 327.2561
15.59 327.2561
15.60 327.2561
15.61 327.2561
15.62 326.0768
15.63 323.7309
15.64 321.4019
15.65 320.2437
15.66 317.9398
15.67 316.7940
15.68 307.7755
15.69 303.3630
15.70 299.0138
15.71 299.0138
15.72 299.0138
15.73 299.0138
15.74 299.0138
15.75 299.0138
15.76 292.6065
15.77 288.4115
15.78 287.3721
15.79 287.3721
15.80 287.3721
15.81 286.3366
15.82 286.3366
15.83 285.3047
15.84 285.3047
15.85 285.3047
15.86 284.2766
15.87 284.2766
15.88 284.2766
15.89 284.2766
15.90 284.2766
15.91 285.3047
15.92 286.3366
15.93 287.3721
15.94 287.3721
15.95 288.4115
15.96 288.4115
15.97 289.4546
15.98 289.4546
15.99 289.4546
16.00 289.4546
16.01 289.4546
16.02 289.4546
16.03 289.4546
16.04 288.4115
16.05 288.4115
16.06 288.4115
16.07 288.4115
16.08 288.4115
16.09 288.4115
16.10 288.4115
16.11 288.4115
16.12 289.4546
16.13 289.4546
16.14 290.5014
16.15 290.5014
16.16 290.5014
16.17 290.5014
16.18 290.5014
16.19 290.5014
16.20 290.5014
16.21 290.5014
16.22 290.5014
16.23 291.5521
16.24 292.6065
16.25 293.6648
16.26 293.6648
16.27 293.6648
16.28 184.9972
16.29 184.9972
16.30 184.9972
16.31 184.9972
16.32 185.6663
16.33 185.6663
16.34 186.3378
16.35 187.0117
16.36 187.0117
16.37 187.0117
16.38 0.0000
16.39 0.0000
16.40 0.0000
16.41 0.0000
16.42 0.0000
16.43 0.0000
16.44 0.0000
16.45 0.0000
16.46 0.0000
16.47 0.0000
16.48 0.0000
16.49 0.0000
16.50 0.0000
16.51 0.0000
16.52 0.0000
16.53 0.0000
16.54 0.0000
16.55 0.0000
16.56 0.0000
16.57 0.0000
16.58 0.0000
16.59 0.0000
16.60 0.0000
16.61 0.0000
16.62 0.0000
16.63 0.0000
16.64 0.0000
16.65 0.0000
16.66 0.0000
16.67 0.0000
16.68 0.0000
16.69 0.0000
16.70 0.0000
16.71 0.0000
16.72 0.0000
16.73 0.0000
16.74 0.0000
16.75 0.0000
16.76 0.0000
16.77 0.0000
16.78 0.0000
16.79 0.0000
16.80 0.0000
16.81 0.0000
16.82 0.0000
16.83 0.0000
16.84 0.0000
16.85 0.0000
16.86 0.0000
16.87 0.0000
16.88 0.0000
16.89 0.0000
16.90 0.0000
16.91 0.0000
16.92 0.0000
16.93 0.0000
16.94 0.0000
16.95 0.0000
16.96 0.0000
16.97 0.0000
16.98 0.0000
16.99 0.0000
17.00 0.0000
17.01 0.0000
17.02 0.0000
17.03 0.0000
17.04 0.0000
