0.00 0.0000
0.01 0.0000
0.02 0.0000
0.03 0.0000
0.04 0.0000
0.05 0.0000
0.06 0.0000
0.07 0.0000
0.08 0.0000
0.09 0.0000
0.10 0.0000
0.11 0.0000
0.12 0.0000
0.13 0.0000
0.14 0.0000
0.15 0.0000
0.16 0.0000
0.17 0.0000
0.18 0.0000
0.19 0.0000
0.20 0.0000
0.21 0.0000
0.22 0.0000
0.23 0.0000
0.24 0.0000
0.25 0.0000
0.26 0.0000
0.27 0.0000
0.28 0.0000
0.29 0.0000
0.30 0.0000
0.31 0.0000
0.32 0.0000
0.33 0.0000
0.34 0.0000
0.35 0.0000
0.36 0.0000
0.37 0.0000
0.38 0.0000
0.39 0.0000
0.40 0.0000
0.41 0.0000
0.42 0.0000
0.43 0.0000
0.44 0.0000
0.45 0.0000
0.46 0.0000
0.47 0.0000
0.48 0.0000
0.49 0.0000
0.50 0.0000
0.51 0.0000
0.52 0.0000
0.53 0.0000
0.54 0.0000
0.55 0.0000
0.56 0.0000
0.57 0.0000
0.58 0.0000
0.59 0.0000
0.60 0.0000
0.61 0.0000
0.62 0.0000
0.63 0.0000
0.64 0.0000
0.65 0.0000
0.66 0.0000
0.67 0.0000
0.68 0.0000
0.69 0.0000
0.70 0.0000
0.71 0.0000
0.72 0.0000
0.73 0.0000
0.74 0.0000
0.75 0.0000
0.76 0.0000
0.77 0.0000
0.78 0.0000
0.79 0.0000
0.80 0.0000
0.81 0.0000
0.82 0.0000
0.83 0.0000
0.84 0.0000
0.85 0.0000
0.86 0.0000
0.87 0.0000
0.88 0.0000
0.89 0.0000
0.90 0.0000
0.91 0.0000
0.92 0.0000
0.93 0.0000
0.94 0.0000
0.95 0.0000
0.96 0.0000
0.97 0.0000
0.98 0.0000
0.99 0.0000
1.00 0.0000
1.01 0.0000
1.02 0.0000
1.03 0.0000
1.04 0.0000
1.05 0.0000
1.06 0.0000
1.07 0.0000
1.08 0.0000
1.09 0.0000
1.10 0.0000
1.11 0.0000
1.12 0.0000
1.13 0.0000
1.14 0.0000
1.15 0.0000
1.16 0.0000
1.17 0.0000
1.18 0.0000
1.19 0.0000
1.20 0.0000
1.21 0.0000
1.22 0.0000
1.23 0.0000
1.24 0.0000
1.25 0.0000
1.26 0.0000
1.27 137.0984
1.28 137.0984
1.29 137.0984
1.30 137.0984
1.31 136.1121
1.32 136.1121
1.33 136.1121
1.34 137.0984
1.35 137.5943
1.36 137.5943
1.37 137.5943
1.38 137.5943
1.39 137.5943
1.40 137.0984
1.41 137.0984
1.42 136.6044
1.43 136.1121
1.44 136.1121
1.45 136.1121
1.46 135.6216
1.47 135.6216
1.48 135.6216
1.49 135.6216
1.50 135.6216
1.51 136.1121
1.52 136.1121
1.53 136.1121
1.54 136.1121
1.55 136.1121
1.56 136.1121
1.57 136.1121
1.58 135.6216
1.59 135.6216
1.60 135.1329
1.61 132.2372
1.62 131.2859
1.63 130.8128
1.64 130.8128
1.65 130.3414
1.66 129.8717
1.67 129.4037
1.68 129.4037
1.69 129.4037
1.70 128.9373
1.71 128.9373
1.72 128.9373
1.73 128.9373
1.74 128.4727
1.75 128.4727
1.76 128.4727
1.77 128.4727
1.78 128.4727
1.79 128.4727
1.80 128.4727
1.81 128.9373
1.82 128.9373
1.83 129.4037
1.84 129.4037
1.85 129.4037
1.86 0.0000
1.87 0.0000
1.88 0.0000
1.89 0.0000
1.90 0.0000
1.91 0.0000
1.92 0.0000
1.93 0.0000
1.94 0.0000
1.95 0.0000
1.96 0.0000
1.97 0.0000
1.98 0.0000
1.99 0.0000
2.00 0.0000
2.01 0.0000
2.02 0.0000
2.03 0.0000
2.04 0.0000
2.05 0.0000
2.06 0.0000
2.07 0.0000
2.08 0.0000
2.09 0.0000
2.10 0.0000
2.11 0.0000
2.12 0.0000
2.13 0.0000
2.14 0.0000
2.15 0.0000
2.16 0.0000
2.17 0.0000
2.18 0.0000
2.19 0.0000
2.20 0.0000
2.21 0.0000
2.22 0.0000
2.23 0.0000
2.24 0.0000
2.25 0.0000
2.26 0.0000
2.27 0.0000
2.28 0.0000
2.29 0.0000
2.30 0.0000
2.31 0.0000
2.32 0.0000
2.33 0.0000
2.34 0.0000
2.35 0.0000
2.36 0.0000
2.37 166.6085
2.38 166.6085
2.39 166.6085
2.40 166.6085
2.41 166.0081
2.42 165.4099
2.43 162.4509
2.44 160.1219
2.45 157.2575
2.46 155.0029
2.47 154.4443
2.48 150.0476
2.49 150.0476
2.50 149.5069
2.51 149.5069
2.52 149.5069
2.53 148.9681
2.54 148.9681
2.55 148.4313
2.56 148.4313
2.57 148.4313
2.58 148.4313
2.59 148.9681
2.60 149.5069
2.61 150.0476
2.62 150.5903
2.63 150.5903
2.64 151.1349
2.65 151.1349
2.66 151.1349
2.67 151.1349
2.68 151.1349
2.69 151.6815
2.70 151.6815
2.71 152.7807
2.72 152.7807
2.73 152.7807
2.74 152.7807
2.75 152.2301
2.76 151.6815
2.77 151.6815
2.78 151.1349
2.79 150.5903
2.80 150.5903
2.81 150.0476
2.82 150.5903
2.83 150.5903
2.84 151.1349
2.85 151.1349
2.86 151.6815
2.87 152.7807
2.88 152.7807
2.89 152.7807
2.90 153.3332
2.91 153.3332
2.92 155.5635
2.93 157.8262
2.94 157.8262
2.95 157.8262
2.96 0.0000
2.97 0.0000
2.98 0.0000
2.99 0.0000
3.00 0.0000
3.01 0.0000
3.02 0.0000
3.03 0.0000
3.04 0.0000
3.05 0.0000
3.06 0.0000
3.07 0.0000
3.08 0.0000
3.09 0.0000
3.10 0.0000
3.11 0.0000
3.12 0.0000
3.13 0.0000
3.14 0.0000
3.15 0.0000
3.16 0.0000
3.17 0.0000
3.18 0.0000
3.19 0.0000
3.20 0.0000
3.21 0.0000
3.22 0.0000
3.23 0.0000
3.24 0.0000
3.25 0.0000
3.26 0.0000
3.27 0.0000
3.28 0.0000
3.29 0.0000
3.30 0.0000
3.31 0.0000
3.32 0.0000
3.33 0.0000
3.34 0.0000
3.35 0.0000
3.36 0.0000
3.37 0.0000
3.38 0.0000
3.39 0.0000
3.40 0.0000
3.41 0.0000
3.42 0.0000
3.43 0.0000
3.44 0.0000
3.45 0.0000
3.46 0.0000
3.47 0.0000
3.48 0.0000
3.49 0.0000
3.50 0.0000
3.51 0.0000
3.52 0.0000
3.53 0.0000
3.54 0.0000
3.55 0.0000
3.56 0.0000
3.57 0.0000
3.58 0.0000
3.59 0.0000
3.60 0.0000
3.61 162.4509
3.62 162.4509
3.63 162.4509
3.64 161.8655
3.65 161.8655
3.66 161.8655
3.67 161.8655
3.68 161.8655
3.69 162.4509
3.70 163.0384
3.71 163.6281
3.72 165.4099
3.73 165.4099
3.74 165.4099
3.75 165.4099
3.76 165.4099
3.77 165.4099
3.78 165.4099
3.79 164.8138
3.80 164.2199
3.81 163.6281
3.82 163.6281
3.83 163.6281
3.84 163.6281
3.85 163.6281
3.86 163.6281
3.87 163.6281
3.88 163.6281
3.89 163.6281
3.90 163.6281
3.91 163.6281
3.92 163.6281
3.93 163.6281
3.94 163.6281
3.95 163.0384
3.96 163.0384
3.97 163.0384
3.98 163.0384
3.99 163.0384
4.00 163.6281
4.01 163.6281
4.02 163.6281
4.03 0.0000
4.04 0.0000
4.05 0.0000
4.06 0.0000
4.07 0.0000
4.08 0.0000
4.09 0.0000
4.10 0.0000
4.11 0.0000
4.12 0.0000
4.13 0.0000
4.14 0.0000
4.15 0.0000
4.16 0.0000
4.17 0.0000
4.18 0.0000
4.19 0.0000
4.20 0.0000
4.21 0.0000
4.22 0.0000
4.23 0.0000
4.24 0.0000
4.25 0.0000
4.26 0.0000
4.27 0.0000
4.28 0.0000
4.29 0.0000
4.30 0.0000
4.31 0.0000
4.32 0.0000
4.33 0.0000
4.34 0.0000
4.35 0.0000
4.36 0.0000
4.37 0.0000
4.38 0.0000
4.39 0.0000
4.40 0.0000
4.41 0.0000
4.42 0.0000
4.43 0.0000
4.44 0.0000
4.45 0.0000
4.46 0.0000
4.47 0.0000
4.48 0.0000
4.49 0.0000
4.50 0.0000
4.51 0.0000
4.52 0.0000
4.53 0.0000
4.54 0.0000
4.55 0.0000
4.56 0.0000
4.57 0.0000
4.58 0.0000
4.59 0.0000
4.60 0.0000
4.61 0.0000
4.62 0.0000
4.63 0.0000
4.64 0.0000
4.65 0.0000
4.66 0.0000
4.67 0.0000
4.68 0.0000
4.69 0.0000
4.70 0.0000
4.71 0.0000
4.72 170.2567
4.73 170.2567
4.74 170.2567
4.75 170.2567
4.76 170.2567
4.77 170.2567
4.78 170.2567
4.79 170.8725
4.80 170.8725
4.81 171.4905
4.82 172.1107
4.83 172.1107
4.84 172.1107
4.85 172.1107
4.86 172.1107
4.87 172.1107
4.88 172.1107
4.89 172.1107
4.90 172.1107
4.91 172.1107
4.92 172.1107
4.93 172.1107
4.94 172.1107
4.95 172.1107
4.96 172.1107
4.97 172.1107
4.98 172.1107
4.99 172.1107
5.00 171.4905
5.01 171.4905
5.02 171.4905
5.03 171.4905
5.04 172.1107
5.05 172.1107
5.06 172.1107
5.07 172.7332
5.08 173.3579
5.09 173.9849
5.10 173.9849
5.11 174.6141
5.12 174.6141
5.13 174.6141
5.14 174.6141
5.15 174.6141
5.16 174.6141
5.17 174.6141
5.18 174.6141
5.19 174.6141
5.20 174.6141
5.21 174.6141
5.22 174.6141
5.23 0.0000
5.24 0.0000
5.25 0.0000
5.26 0.0000
5.27 0.0000
5.28 0.0000
5.29 0.0000
5.30 0.0000
5.31 0.0000
5.32 0.0000
5.33 0.0000
5.34 0.0000
5.35 0.0000
5.36 0.0000
5.37 0.0000
5.38 0.0000
5.39 0.0000
5.40 0.0000
5.41 0.0000
5.42 0.0000
5.43 0.0000
5.44 0.0000
5.45 0.0000
5.46 0.0000
5.47 0.0000
5.48 0.0000
5.49 0.0000
5.50 0.0000
5.51 0.0000
5.52 0.0000
5.53 0.0000
5.54 0.0000
5.55 0.0000
5.56 0.0000
5.57 0.0000
5.58 0.0000
5.59 0.0000
5.60 0.0000
5.61 0.0000
5.62 0.0000
5.63 0.0000
5.64 0.0000
5.65 0.0000
5.66 0.0000
5.67 0.0000
5.68 0.0000
5.69 0.0000
5.70 0.0000
5.71 0.0000
5.72 0.0000
5.73 0.0000
5.74 0.0000
5.75 0.0000
5.76 0.0000
5.77 0.0000
5.78 0.0000
5.79 0.0000
5.80 0.0000
5.81 0.0000
5.82 0.0000
5.83 0.0000
5.84 0.0000
5.85 0.0000
5.86 0.0000
5.87 0.0000
5.88 0.0000
5.89 193.1877
5.90 193.1877
5.91 193.1877
5.92 193.1877
5.93 193.1877
5.94 193.1877
5.95 193.1877
5.96 193.1877
5.97 193.8864
5.98 193.8864
5.99 193.8864
6.00 193.8864
6.01 194.5877
6.02 194.5877
6.03 194.5877
6.04 194.5877
6.05 194.5877
6.06 194.5877
6.07 194.5877
6.08 194.5877
6.09 194.5877
6.10 194.5877
6.11 194.5877
6.12 194.5877
6.13 194.5877
6.14 193.8864
6.15 193.8864
6.16 193.1877
6.17 193.1877
6.18 193.1877
6.19 193.1877
6.20 193.1877
6.21 193.1877
6.22 193.1877
6.23 193.1877
6.24 193.1877
6.25 193.8864
6.26 193.8864
6.27 194.5877
6.28 194.5877
6.29 195.9977
6.30 195.9977
6.31 198.1320
6.32 199.5677
6.33 200.2895
6.34 201.7409
6.35 203.2028
6.36 203.2028
6.37 203.2028
6.38 202.4705
6.39 201.0139
6.40 0.0000
6.41 0.0000
6.42 0.0000
6.43 0.0000
6.44 0.0000
6.45 0.0000
6.46 0.0000
6.47 0.0000
6.48 0.0000
6.49 0.0000
6.50 0.0000
6.51 0.0000
6.52 0.0000
6.53 0.0000
6.54 0.0000
6.55 0.0000
6.56 0.0000
6.57 0.0000
6.58 0.0000
6.59 0.0000
6.60 0.0000
6.61 0.0000
6.62 0.0000
6.63 0.0000
6.64 0.0000
6.65 0.0000
6.66 0.0000
6.67 0.0000
6.68 0.0000
6.69 0.0000
6.70 0.0000
6.71 0.0000
6.72 0.0000
6.73 0.0000
6.74 0.0000
6.75 0.0000
6.76 0.0000
6.77 0.0000
6.78 0.0000
6.79 0.0000
6.80 0.0000
6.81 0.0000
6.82 0.0000
6.83 0.0000
6.84 0.0000
6.85 0.0000
6.86 0.0000
6.87 0.0000
6.88 0.0000
6.89 0.0000
6.90 0.0000
6.91 0.0000
6.92 0.0000
6.93 0.0000
6.94 0.0000
6.95 0.0000
6.96 0.0000
6.97 0.0000
6.98 0.0000
6.99 0.0000
7.00 0.0000
7.01 0.0000
7.02 0.0000
7.03 0.0000
7.04 216.0645
7.05 216.0645
7.06 216.0645
7.07 212.9668
7.08 212.1993
7.09 211.4347
7.10 210.6727
7.11 210.6727
7.12 210.6727
7.13 209.9135
7.14 209.9135
7.15 209.9135
7.16 210.6727
7.17 211.4347
7.18 212.1993
7.19 212.1993
7.20 213.7370
7.21 214.5100
7.22 215.2859
7.23 215.2859
7.24 215.2859
7.25 216.0645
7.26 216.0645
7.27 216.0645
7.28 216.0645
7.29 216.8459
7.30 216.8459
7.31 216.8459
7.32 216.8459
7.33 216.8459
7.34 216.8459
7.35 216.8459
7.36 216.8459
7.37 217.6302
7.38 217.6302
7.39 217.6302
7.40 217.6302
7.41 217.6302
7.42 218.4173
7.43 218.4173
7.44 220.0000
7.45 220.0000
7.46 220.0000
7.47 220.0000
7.48 220.0000
7.49 220.0000
7.50 220.0000
7.51 220.0000
7.52 220.0000
7.53 220.0000
7.54 220.0000
7.55 220.0000
7.56 220.0000
7.57 220.0000
7.58 220.0000
7.59 220.0000
7.60 220.0000
7.61 219.2072
7.62 218.4173
7.63 0.0000
7.64 0.0000
7.65 0.0000
7.66 0.0000
7.67 0.0000
7.68 0.0000
7.69 0.0000
7.70 0.0000
7.71 0.0000
7.72 0.0000
7.73 0.0000
7.74 0.0000
7.75 0.0000
7.76 0.0000
7.77 0.0000
7.78 0.0000
7.79 0.0000
7.80 0.0000
7.81 0.0000
7.82 0.0000
7.83 0.0000
7.84 0.0000
7.85 0.0000
7.86 0.0000
7.87 0.0000
7.88 0.0000
7.89 0.0000
7.90 0.0000
7.91 0.0000
7.92 0.0000
7.93 0.0000
7.94 0.0000
7.95 0.0000
7.96 0.0000
7.97 0.0000
7.98 0.0000
7.99 0.0000
8.00 0.0000
8.01 0.0000
8.02 0.0000
8.03 0.0000
8.04 0.0000
8.05 0.0000
8.06 0.0000
8.07 0.0000
8.08 0.0000
8.09 0.0000
8.10 0.0000
8.11 0.0000
8.12 0.0000
8.13 0.0000
8.14 0.0000
8.15 0.0000
8.16 0.0000
8.17 0.0000
8.18 0.0000
8.19 0.0000
8.20 0.0000
8.21 0.0000
8.22 0.0000
8.23 0.0000
8.24 0.0000
8.25 0.0000
8.26 0.0000
8.27 0.0000
8.28 0.0000
8.29 0.0000
8.30 0.0000
8.31 0.0000
8.32 242.5242
8.33 243.4013
8.34 243.4013
8.35 243.4013
8.36 243.4013
8.37 244.2816
8.38 244.2816
8.39 244.2816
8.40 244.2816
8.41 245.1651
8.42 245.1651
8.43 246.0518
8.44 246.0518
8.45 246.0518
8.46 246.9417
8.47 246.9417
8.48 246.9417
8.49 246.9417
8.50 246.9417
8.51 246.9417
8.52 246.9417
8.53 246.9417
8.54 246.9417
8.55 246.9417
8.56 246.9417
8.57 247.8348
8.58 247.8348
8.59 247.8348
8.60 247.8348
8.61 247.8348
8.62 247.8348
8.63 247.8348
8.64 247.8348
8.65 246.9417
8.66 246.9417
8.67 246.9417
8.68 246.9417
8.69 246.9417
8.70 246.9417
8.71 246.9417
8.72 246.9417
8.73 246.9417
8.74 246.9417
8.75 246.9417
8.76 246.9417
8.77 246.9417
8.78 246.0518
8.79 246.0518
8.80 246.0518
8.81 246.0518
8.82 246.0518
8.83 246.9417
8.84 246.9417
8.85 246.9417
8.86 246.9417
8.87 246.9417
8.88 246.9417
8.89 0.0000
8.90 0.0000
8.91 0.0000
8.92 0.0000
8.93 0.0000
8.94 0.0000
8.95 0.0000
8.96 0.0000
8.97 0.0000
8.98 0.0000
8.99 0.0000
9.00 0.0000
9.01 0.0000
9.02 0.0000
9.03 0.0000
9.04 0.0000
9.05 0.0000
9.06 0.0000
9.07 0.0000
9.08 0.0000
9.09 0.0000
9.10 0.0000
9.11 0.0000
9.12 0.0000
9.13 0.0000
9.14 0.0000
9.15 0.0000
9.16 0.0000
9.17 0.0000
9.18 0.0000
9.19 0.0000
9.20 0.0000
9.21 0.0000
9.22 0.0000
9.23 0.0000
9.24 0.0000
9.25 0.0000
9.26 0.0000
9.27 0.0000
9.28 0.0000
9.29 0.0000
9.30 0.0000
9.31 0.0000
9.32 0.0000
9.33 0.0000
9.34 0.0000
9.35 0.0000
9.36 0.0000
9.37 0.0000
9.38 0.0000
9.39 0.0000
9.40 0.0000
9.41 0.0000
9.42 0.0000
9.43 0.0000
9.44 0.0000
9.45 0.0000
9.46 0.0000
9.47 0.0000
9.48 0.0000
9.49 0.0000
9.50 0.0000
9.51 253.2616
9.52 253.2616
9.53 254.1776
9.54 254.1776
9.55 254.1776
9.56 254.1776
9.57 254.1776
9.58 255.0969
9.59 255.0969
9.60 255.0969
9.61 258.8073
9.62 258.8073
9.63 258.8073
9.64 258.8073
9.65 258.8073
9.66 258.8073
9.67 258.8073
9.68 258.8073
9.69 257.8747
9.70 257.8747
9.71 257.8747
9.72 257.8747
9.73 257.8747
9.74 257.8747
9.75 257.8747
9.76 257.8747
9.77 257.8747
9.78 257.8747
9.79 257.8747
9.80 257.8747
9.81 258.8073
9.82 258.8073
9.83 258.8073
9.84 258.8073
9.85 259.7434
9.86 259.7434
9.87 259.7434
9.88 259.7434
9.89 259.7434
9.90 259.7434
9.91 259.7434
9.92 259.7434
9.93 259.7434
9.94 259.7434
9.95 259.7434
9.96 260.6828
9.97 260.6828
9.98 260.6828
9.99 260.6828
10.00 260.6828
10.01 260.6828
10.02 260.6828
10.03 260.6828
10.04 260.6828
10.05 259.7434
10.06 259.7434
10.07 259.7434
10.08 259.7434
10.09 259.7434
10.10 259.7434
10.11 259.7434
10.12 259.7434
10.13 259.7434
10.14 259.7434
10.15 259.7434
10.16 259.7434
10.17 259.7434
10.18 259.7434
10.19 259.7434
10.20 260.6828
10.21 260.6828
10.22 260.6828
10.23 261.6256
10.24 261.6256
10.25 261.6256
10.26 261.6256
10.27 261.6256
10.28 0.0000
10.29 0.0000
10.30 0.0000
10.31 0.0000
10.32 0.0000
10.33 0.0000
10.34 0.0000
10.35 0.0000
10.36 0.0000
10.37 0.0000
10.38 0.0000
10.39 0.0000
10.40 0.0000
10.41 0.0000
10.42 0.0000
10.43 0.0000
10.44 0.0000
10.45 0.0000
10.46 0.0000
10.47 0.0000
10.48 0.0000
10.49 0.0000
10.50 0.0000
10.51 0.0000
10.52 0.0000
10.53 0.0000
10.54 0.0000
10.55 0.0000
10.56 0.0000
10.57 0.0000
10.58 0.0000
10.59 0.0000
10.60 0.0000
10.61 0.0000
10.62 0.0000
10.63 0.0000
10.64 0.0000
10.65 0.0000
10.66 0.0000
10.67 0.0000
10.68 0.0000
10.69 0.0000
10.70 0.0000
10.71 0.0000
10.72 0.0000
10.73 0.0000
10.74 0.0000
10.75 0.0000
10.76 0.0000
10.77 0.0000
10.78 0.0000
10.79 0.0000
10.80 0.0000
10.81 0.0000
10.82 0.0000
10.83 0.0000
10.84 0.0000
10.85 0.0000
10.86 0.0000
10.87 0.0000
10.88 0.0000
10.89 0.0000
10.90 0.0000
10.91 0.0000
10.92 0.0000
10.93 0.0000
10.94 0.0000
10.95 0.0000
10.96 0.0000
10.97 0.0000
10.98 0.0000
10.99 0.0000
11.00 0.0000
11.01 0.0000
11.02 0.0000
11.03 0.0000
11.04 0.0000
11.05 0.0000
11.06 0.0000
11.07 0.0000
11.08 0.0000
11.09 0.0000
11.10 0.0000
11.11 0.0000
11.12 0.0000
11.13 0.0000
11.14 0.0000
11.15 0.0000
11.16 0.0000
11.17 0.0000
11.18 0.0000
11.19 0.0000
11.20 0.0000
11.21 0.0000
11.22 0.0000
11.23 0.0000
11.24 0.0000
11.25 0.0000
11.26 0.0000
11.27 0.0000
11.28 0.0000
11.29 0.0000
11.30 0.0000
11.31 0.0000
11.32 0.0000
11.33 0.0000
11.34 0.0000
11.35 0.0000
11.36 0.0000
11.37 0.0000
11.38 0.0000
11.39 0.0000
11.40 0.0000
11.41 0.0000
11.42 0.0000
11.43 0.0000
11.44 0.0000
11.45 0.0000
11.46 0.0000
11.47 0.0000
11.48 0.0000
11.49 0.0000
11.50 0.0000
11.51 0.0000
11.52 0.0000
11.53 0.0000
11.54 0.0000
11.55 0.0000
11.56 0.0000
11.57 0.0000
11.58 0.0000
11.59 0.0000
11.60 0.0000
11.61 0.0000
11.62 0.0000
11.63 0.0000
11.64 0.0000
11.65 0.0000
11.66 0.0000
11.67 0.0000
11.68 0.0000
11.69 0.0000
11.70 0.0000
11.71 0.0000
11.72 0.0000
11.73 0.0000
11.74 0.0000
11.75 0.0000
11.76 0.0000
11.77 0.0000
11.78 0.0000
11.79 0.0000
11.80 0.0000
11.81 0.0000
11.82 0.0000
11.83 0.0000
11.84 0.0000
11.85 0.0000
11.86 0.0000
11.87 0.0000
11.88 0.0000
11.89 0.0000
11.90 0.0000
11.91 0.0000
11.92 0.0000
11.93 0.0000
11.94 0.0000
11.95 0.0000
11.96 0.0000
11.97 0.0000
11.98 0.0000
11.99 0.0000
12.00 0.0000
12.01 0.0000
12.02 0.0000
12.03 0.0000
12.04 0.0000
12.05 0.0000
12.06 0.0000
12.07 0.0000
12.08 0.0000
