0.00 0.0000
0.01 0.0000
0.02 0.0000
0.03 0.0000
0.04 0.0000
0.05 0.0000
0.06 0.0000
0.07 0.0000
0.08 0.0000
0.09 0.0000
0.10 0.0000
0.11 0.0000
0.12 0.0000
0.13 0.0000
0.14 0.0000
0.15 0.0000
0.16 0.0000
0.17 0.0000
0.18 0.0000
0.19 0.0000
0.20 0.0000
0.21 0.0000
0.22 0.0000
0.23 0.0000
0.24 0.0000
0.25 0.0000
0.26 0.0000
0.27 0.0000
0.28 0.0000
0.29 0.0000
0.30 0.0000
0.31 0.0000
0.32 0.0000
0.33 0.0000
0.34 0.0000
0.35 0.0000
0.36 0.0000
0.37 0.0000
0.38 0.0000
0.39 0.0000
0.40 0.0000
0.41 0.0000
0.42 0.0000
0.43 0.0000
0.44 0.0000
0.45 0.0000
0.46 0.0000
0.47 0.0000
0.48 0.0000
0.49 0.0000
0.50 0.0000
0.51 0.0000
0.52 0.0000
0.53 0.0000
0.54 0.0000
0.55 0.0000
0.56 0.0000
0.57 0.0000
0.58 0.0000
0.59 0.0000
0.60 0.0000
0.61 0.0000
0.62 0.0000
0.63 0.0000
0.64 0.0000
0.65 0.0000
0.66 0.0000
0.67 0.0000
0.68 0.0000
0.69 0.0000
0.70 0.0000
0.71 0.0000
0.72 0.0000
0.73 0.0000
0.74 0.0000
0.75 0.0000
0.76 0.0000
0.77 0.0000
0.78 0.0000
0.79 0.0000
0.80 0.0000
0.81 0.0000
0.82 0.0000
0.83 0.0000
0.84 0.0000
0.85 0.0000
0.86 0.0000
0.87 0.0000
0.88 0.0000
0.89 0.0000
0.90 0.0000
0.91 0.0000
0.92 0.0000
0.93 116.5409
0.94 118.6637
0.95 118.6637
0.96 118.6637
0.97 118.6637
0.98 119.9559
0.99 120.8251
1.00 123.0259
1.01 124.3655
1.02 124.3655
1.03 124.3655
1.04 123.4708
1.05 123.4708
1.06 123.0259
1.07 122.5825
1.08 122.1408
1.09 121.2621
1.10 119.0929
1.11 118.6637
1.12 115.7025
1.13 0.0000
1.14 0.0000
1.15 0.0000
1.16 0.0000
1.17 0.0000
1.18 0.0000
1.19 0.0000
1.20 0.0000
1.21 120.8251
1.22 121.2621
1.23 121.2621
1.24 121.2621
1.25 121.2621
1.26 121.2621
1.27 120.3897
1.28 120.3897
1.29 120.3897
1.30 120.3897
1.31 119.9559
1.32 119.0929
1.33 0.0000
1.34 0.0000
1.35 0.0000
1.36 0.0000
1.37 0.0000
1.38 0.0000
1.39 0.0000
1.40 0.0000
1.41 0.0000
1.42 0.0000
1.43 0.0000
1.44 0.0000
1.45 0.0000
1.46 0.0000
1.47 0.0000
1.48 0.0000
1.49 0.0000
1.50 122.5825
1.51 122.5825
1.52 122.5825
1.53 122.5825
1.54 122.5825
1.55 118.6637
1.56 115.7025
1.57 115.2856
1.58 115.2856
1.59 114.4562
1.60 113.2232
1.61 112.8152
1.62 112.4087
1.63 110.0000
1.64 110.0000
1.65 110.0000
1.66 110.0000
1.67 110.0000
1.68 110.0000
1.69 110.0000
1.70 112.4087
1.71 112.8152
1.72 114.4562
1.73 115.2856
1.74 115.7025
1.75 115.7025
1.76 115.7025
1.77 115.2856
1.78 114.8701
1.79 114.8701
1.80 114.4562
1.81 113.2232
1.82 113.2232
1.83 112.8152
1.84 112.4087
1.85 112.4087
1.86 112.4087
1.87 0.0000
1.88 0.0000
1.89 0.0000
1.90 0.0000
1.91 0.0000
1.92 0.0000
1.93 0.0000
1.94 0.0000
1.95 0.0000
1.96 0.0000
1.97 0.0000
1.98 0.0000
1.99 0.0000
2.00 119.0929
2.01 119.0929
2.02 119.0929
2.03 119.0929
2.04 118.6637
2.05 118.6637
2.06 115.2856
2.07 112.0036
2.08 110.0000
2.09 110.0000
2.10 110.0000
2.11 112.0036
2.12 112.0036
2.13 112.0036
2.14 0.0000
2.15 0.0000
2.16 0.0000
2.17 0.0000
2.18 0.0000
2.19 0.0000
2.20 0.0000
2.21 0.0000
2.22 0.0000
2.23 0.0000
2.24 0.0000
2.25 0.0000
2.26 0.0000
2.27 0.0000
2.28 0.0000
2.29 0.0000
2.30 103.0792
2.31 103.0792
2.32 103.8262
2.33 104.5785
2.34 104.5785
2.35 104.5785
2.36 104.9568
2.37 104.9568
2.38 104.9568
2.39 104.9568
2.40 106.8685
2.41 106.8685
2.42 106.8685
2.43 106.8685
2.44 108.0322
2.45 108.0322
2.46 109.6036
2.47 109.6036
2.48 110.0000
2.49 110.0000
2.50 110.0000
2.51 110.0000
2.52 110.0000
2.53 110.0000
2.54 110.0000
2.55 110.0000
2.56 0.0000
2.57 0.0000
2.58 0.0000
2.59 0.0000
2.60 0.0000
2.61 0.0000
2.62 0.0000
2.63 115.7025
2.64 115.7025
2.65 115.7025
2.66 115.7025
2.67 115.7025
2.68 115.7025
2.69 115.7025
2.70 115.7025
2.71 116.5409
2.72 118.6637
2.73 120.8251
2.74 121.2621
2.75 122.5825
2.76 122.5825
2.77 122.5825
2.78 122.5825
2.79 0.0000
2.80 0.0000
2.81 0.0000
2.82 0.0000
2.83 0.0000
2.84 0.0000
2.85 0.0000
2.86 0.0000
2.87 0.0000
2.88 0.0000
2.89 0.0000
2.90 0.0000
2.91 0.0000
2.92 0.0000
2.93 0.0000
2.94 0.0000
2.95 0.0000
2.96 0.0000
2.97 0.0000
2.98 0.0000
2.99 0.0000
3.00 0.0000
3.01 0.0000
3.02 0.0000
3.03 0.0000
3.04 0.0000
3.05 0.0000
3.06 0.0000
3.07 0.0000
3.08 0.0000
3.09 0.0000
3.10 0.0000
3.11 0.0000
3.12 0.0000
3.13 0.0000
3.14 0.0000
3.15 0.0000
3.16 0.0000
3.17 0.0000
3.18 0.0000
3.19 0.0000
3.20 0.0000
3.21 0.0000
3.22 0.0000
3.23 0.0000
3.24 0.0000
3.25 0.0000
3.26 0.0000
3.27 0.0000
3.28 0.0000
3.29 0.0000
3.30 0.0000
3.31 0.0000
3.32 0.0000
3.33 0.0000
3.34 0.0000
3.35 0.0000
3.36 0.0000
3.37 0.0000
3.38 0.0000
3.39 0.0000
3.40 0.0000
3.41 0.0000
3.42 0.0000
3.43 0.0000
3.44 0.0000
3.45 0.0000
3.46 0.0000
3.47 0.0000
3.48 0.0000
3.49 0.0000
3.50 0.0000
3.51 0.0000
3.52 0.0000
3.53 0.0000
3.54 0.0000
3.55 0.0000
3.56 0.0000
3.57 0.0000
3.58 0.0000
3.59 0.0000
3.60 0.0000
3.61 0.0000
3.62 0.0000
3.63 0.0000
3.64 0.0000
3.65 0.0000
3.66 0.0000
3.67 0.0000
3.68 0.0000
3.69 0.0000
3.70 0.0000
3.71 0.0000
3.72 113.2232
3.73 113.2232
3.74 113.2232
3.75 112.8152
3.76 112.8152
3.77 112.8152
3.78 112.8152
3.79 112.8152
3.80 112.8152
3.81 112.8152
3.82 112.8152
3.83 113.2232
3.84 115.7025
3.85 115.7025
3.86 119.0929
3.87 119.0929
3.88 119.0929
3.89 119.0929
3.90 119.0929
3.91 118.6637
3.92 118.6637
3.93 115.7025
3.94 115.7025
3.95 115.2856
3.96 112.4087
3.97 110.0000
3.98 108.0322
3.99 108.0322
4.00 108.0322
4.01 108.0322
4.02 109.6036
4.03 112.4087
4.04 112.8152
4.05 114.8701
4.06 115.2856
4.07 115.2856
4.08 115.2856
4.09 113.2232
4.10 113.2232
4.11 113.2232
4.12 113.2232
4.13 113.2232
4.14 113.2232
4.15 112.8152
4.16 110.0000
4.17 110.0000
4.18 110.0000
4.19 110.0000
4.20 115.7025
4.21 115.7025
4.22 115.7025
4.23 115.7025
4.24 115.7025
4.25 115.7025
4.26 115.7025
4.27 115.7025
4.28 115.2856
4.29 113.2232
4.30 112.8152
4.31 112.4087
4.32 112.4087
4.33 0.0000
4.34 0.0000
4.35 0.0000
4.36 0.0000
4.37 0.0000
4.38 0.0000
4.39 0.0000
4.40 0.0000
4.41 0.0000
4.42 0.0000
4.43 0.0000
4.44 0.0000
4.45 0.0000
4.46 103.0792
4.47 103.0792
4.48 103.0792
4.49 103.0792
4.50 103.0792
4.51 103.0792
4.52 103.0792
4.53 103.0792
4.54 103.0792
4.55 103.8262
4.56 104.9568
4.57 105.7173
4.58 108.0322
4.59 108.0322
4.60 108.0322
4.61 108.0322
4.62 108.0322
4.63 104.9568
4.64 0.0000
4.65 0.0000
4.66 0.0000
4.67 0.0000
4.68 0.0000
4.69 112.4087
4.70 112.4087
4.71 112.4087
4.72 110.3978
4.73 110.3978
4.74 110.3978
4.75 110.0000
4.76 0.0000
4.77 0.0000
4.78 0.0000
4.79 0.0000
4.80 0.0000
4.81 0.0000
4.82 0.0000
4.83 0.0000
4.84 0.0000
4.85 0.0000
4.86 0.0000
4.87 0.0000
4.88 0.0000
4.89 0.0000
4.90 0.0000
4.91 0.0000
4.92 0.0000
4.93 0.0000
4.94 0.0000
4.95 0.0000
4.96 0.0000
4.97 0.0000
4.98 0.0000
4.99 0.0000
5.00 0.0000
5.01 0.0000
5.02 0.0000
5.03 0.0000
5.04 0.0000
5.05 0.0000
5.06 0.0000
5.07 0.0000
5.08 0.0000
5.09 0.0000
5.10 0.0000
5.11 0.0000
5.12 0.0000
5.13 0.0000
5.14 0.0000
5.15 0.0000
5.16 0.0000
5.17 0.0000
5.18 0.0000
5.19 0.0000
5.20 0.0000
5.21 0.0000
5.22 0.0000
5.23 0.0000
5.24 0.0000
5.25 0.0000
5.26 0.0000
5.27 0.0000
5.28 0.0000
5.29 0.0000
5.30 0.0000
5.31 0.0000
5.32 0.0000
5.33 0.0000
5.34 0.0000
5.35 0.0000
5.36 0.0000
5.37 0.0000
5.38 0.0000
5.39 0.0000
5.40 0.0000
5.41 0.0000
5.42 0.0000
5.43 0.0000
5.44 0.0000
5.45 0.0000
5.46 0.0000
5.47 0.0000
5.48 0.0000
5.49 0.0000
5.50 0.0000
5.51 0.0000
5.52 0.0000
5.53 0.0000
5.54 0.0000
5.55 0.0000
5.56 0.0000
5.57 0.0000
