0.00 0.0000
0.01 0.0000
0.02 0.0000
0.03 0.0000
0.04 0.0000
0.05 0.0000
0.06 0.0000
0.07 118.6637
0.08 118.6637
0.09 118.6637
0.10 118.6637
0.11 118.6637
0.12 118.6637
0.13 118.6637
0.14 118.6637
0.15 119.9559
0.16 119.9559
0.17 119.9559
0.18 119.9559
0.19 119.9559
0.20 118.6637
0.21 118.6637
0.22 118.6637
0.23 118.6637
0.24 118.6637
0.25 118.6637
0.26 118.6637
0.27 118.6637
0.28 119.9559
0.29 119.9559
0.30 119.9559
0.31 119.9559
0.32 119.9559
0.33 119.9559
0.34 119.9559
0.35 119.9559
0.36 119.9559
0.37 120.3897
0.38 120.3897
0.39 120.3897
0.40 120.3897
0.41 120.3897
0.42 120.3897
0.43 120.3897
0.44 120.3897
0.45 120.3897
0.46 120.3897
0.47 120.3897
0.48 120.3897
0.49 120.3897
0.50 120.3897
0.51 120.3897
0.52 118.6637
0.53 118.6637
0.54 118.6637
0.55 118.6637
0.56 118.6637
0.57 119.9559
0.58 119.9559
0.59 119.9559
0.60 119.9559
0.61 119.9559
0.62 0.0000
0.63 0.0000
0.64 0.0000
0.65 0.0000
0.66 0.0000
0.67 0.0000
0.68 0.0000
0.69 0.0000
0.70 0.0000
0.71 0.0000
0.72 0.0000
0.73 0.0000
0.74 0.0000
0.75 0.0000
0.76 0.0000
0.77 0.0000
0.78 0.0000
0.79 0.0000
0.80 0.0000
0.81 0.0000
0.82 0.0000
0.83 118.6637
0.84 118.6637
0.85 118.6637
0.86 118.6637
0.87 118.6637
0.88 118.6637
0.89 118.6637
0.90 119.9559
0.91 119.9559
0.92 119.9559
0.93 118.6637
0.94 118.6637
0.95 118.6637
0.96 118.6637
0.97 119.0929
0.98 119.0929
0.99 119.9559
1.00 119.9559
1.01 119.9559
1.02 119.9559
1.03 119.9559
1.04 119.9559
1.05 119.9559
1.06 119.9559
1.07 120.3897
1.08 120.3897
1.09 120.3897
1.10 120.3897
1.11 0.0000
1.12 0.0000
1.13 0.0000
1.14 0.0000
1.15 0.0000
1.16 0.0000
1.17 0.0000
1.18 0.0000
1.19 0.0000
1.20 119.9559
1.21 119.9559
1.22 119.9559
1.23 119.9559
1.24 119.9559
1.25 119.9559
1.26 119.0929
1.27 0.0000
1.28 0.0000
1.29 0.0000
1.30 0.0000
1.31 0.0000
1.32 0.0000
1.33 0.0000
1.34 0.0000
1.35 0.0000
1.36 0.0000
1.37 0.0000
1.38 0.0000
1.39 0.0000
1.40 0.0000
1.41 0.0000
1.42 0.0000
1.43 0.0000
1.44 0.0000
1.45 0.0000
1.46 0.0000
1.47 0.0000
1.48 0.0000
1.49 0.0000
1.50 0.0000
1.51 0.0000
1.52 0.0000
1.53 0.0000
1.54 0.0000
1.55 0.0000
1.56 0.0000
1.57 0.0000
1.58 0.0000
1.59 0.0000
1.60 0.0000
1.61 0.0000
1.62 0.0000
1.63 0.0000
1.64 0.0000
1.65 0.0000
1.66 0.0000
1.67 0.0000
1.68 0.0000
1.69 0.0000
1.70 0.0000
1.71 0.0000
1.72 0.0000
1.73 0.0000
1.74 0.0000
1.75 0.0000
1.76 0.0000
1.77 0.0000
1.78 0.0000
1.79 0.0000
1.80 0.0000
1.81 0.0000
1.82 0.0000
1.83 0.0000
1.84 0.0000
1.85 0.0000
