0.00 0.0000
0.01 0.0000
0.02 0.0000
0.03 0.0000
0.04 0.0000
0.05 0.0000
0.06 0.0000
0.07 0.0000
0.08 0.0000
0.09 0.0000
0.10 0.0000
0.11 0.0000
0.12 0.0000
0.13 0.0000
0.14 0.0000
0.15 0.0000
0.16 0.0000
0.17 0.0000
0.18 0.0000
0.19 0.0000
0.20 0.0000
0.21 0.0000
0.22 0.0000
0.23 0.0000
0.24 0.0000
0.25 0.0000
0.26 0.0000
0.27 0.0000
0.28 0.0000
0.29 0.0000
0.30 0.0000
0.31 0.0000
0.32 0.0000
0.33 0.0000
0.34 0.0000
0.35 0.0000
0.36 0.0000
0.37 0.0000
0.38 0.0000
0.39 0.0000
0.40 0.0000
0.41 0.0000
0.42 0.0000
0.43 0.0000
0.44 0.0000
0.45 0.0000
0.46 0.0000
0.47 0.0000
0.48 0.0000
0.49 0.0000
0.50 0.0000
0.51 0.0000
0.52 0.0000
0.53 0.0000
0.54 0.0000
0.55 0.0000
0.56 0.0000
0.57 0.0000
0.58 0.0000
0.59 0.0000
0.60 0.0000
0.61 0.0000
0.62 0.0000
0.63 0.0000
0.64 0.0000
0.65 0.0000
0.66 0.0000
0.67 0.0000
0.68 0.0000
0.69 0.0000
0.70 0.0000
0.71 0.0000
0.72 0.0000
0.73 0.0000
0.74 0.0000
0.75 0.0000
0.76 0.0000
0.77 0.0000
0.78 0.0000
0.79 0.0000
0.80 0.0000
0.81 0.0000
0.82 0.0000
0.83 0.0000
0.84 0.0000
0.85 0.0000
0.86 0.0000
0.87 0.0000
0.88 0.0000
0.89 0.0000
0.90 0.0000
0.91 0.0000
0.92 0.0000
0.93 0.0000
0.94 0.0000
0.95 0.0000
0.96 0.0000
0.97 0.0000
0.98 0.0000
0.99 0.0000
1.00 0.0000
1.01 0.0000
1.02 0.0000
1.03 0.0000
1.04 0.0000
1.05 0.0000
1.06 0.0000
1.07 0.0000
1.08 0.0000
1.09 0.0000
1.10 0.0000
1.11 0.0000
1.12 0.0000
1.13 0.0000
1.14 0.0000
1.15 0.0000
1.16 0.0000
1.17 0.0000
1.18 0.0000
1.19 0.0000
1.20 0.0000
1.21 0.0000
1.22 156.6908
1.23 156.6908
1.24 156.6908
1.25 156.6908
1.26 156.6908
1.27 156.1261
1.28 155.5635
1.29 155.0029
1.30 153.3332
1.31 152.2301
1.32 148.4313
1.33 147.8964
1.34 147.8964
1.35 147.8964
1.36 154.4443
1.37 154.4443
1.38 154.4443
1.39 151.6815
1.40 147.8964
1.41 142.6524
1.42 139.5956
1.43 135.6216
1.44 131.2859
1.45 129.4037
1.46 128.4727
1.47 128.0097
1.48 127.0888
1.49 127.0888
1.50 127.0888
1.51 128.0097
1.52 128.4727
1.53 129.4037
1.54 130.8128
1.55 135.6216
1.56 137.0984
1.57 138.5913
1.58 138.5913
1.59 138.5913
1.60 135.6216
1.61 133.1955
1.62 130.8128
1.63 130.8128
1.64 130.8128
1.65 129.8717
1.66 129.8717
1.67 129.8717
1.68 129.4037
1.69 128.9373
1.70 128.4727
1.71 128.0097
1.72 127.0888
1.73 126.1745
1.74 125.7198
1.75 125.7198
1.76 122.5825
1.77 119.0929
1.78 0.0000
1.79 0.0000
1.80 0.0000
1.81 0.0000
1.82 0.0000
1.83 0.0000
1.84 0.0000
1.85 0.0000
1.86 0.0000
1.87 0.0000
1.88 110.0000
1.89 112.8152
1.90 112.8152
1.91 112.8152
1.92 112.8152
1.93 112.4087
1.94 112.4087
1.95 110.0000
1.96 110.0000
1.97 110.0000
1.98 112.0036
1.99 115.7025
2.00 126.1745
2.01 129.4037
2.02 129.4037
2.03 129.4037
2.04 128.4727
2.05 126.1745
2.06 122.5825
2.07 122.5825
2.08 122.1408
2.09 120.8251
2.10 119.0929
2.11 119.0929
2.12 118.6637
2.13 118.6637
2.14 118.6637
2.15 119.0929
2.16 119.0929
2.17 119.0929
2.18 118.6637
2.19 118.6637
2.20 118.6637
2.21 118.6637
2.22 0.0000
2.23 0.0000
2.24 0.0000
2.25 0.0000
2.26 123.0259
2.27 123.4708
2.28 125.7198
2.29 128.4727
2.30 128.4727
2.31 128.4727
2.32 128.0097
2.33 127.5484
2.34 127.0888
2.35 126.1745
2.36 120.8251
2.37 0.0000
2.38 0.0000
2.39 0.0000
2.40 0.0000
2.41 0.0000
2.42 0.0000
2.43 0.0000
2.44 0.0000
2.45 110.0000
2.46 110.0000
2.47 110.0000
2.48 106.8685
2.49 106.8685
2.50 105.7173
2.51 104.9568
2.52 104.9568
2.53 104.9568
2.54 104.9568
2.55 104.9568
2.56 108.0322
2.57 110.0000
2.58 110.3978
2.59 110.3978
2.60 110.3978
2.61 112.8152
2.62 112.8152
2.63 112.8152
2.64 112.8152
2.65 112.8152
2.66 112.4087
2.67 112.4087
2.68 0.0000
2.69 0.0000
2.70 0.0000
2.71 0.0000
2.72 0.0000
2.73 0.0000
2.74 0.0000
2.75 0.0000
2.76 0.0000
2.77 0.0000
2.78 0.0000
2.79 0.0000
2.80 0.0000
2.81 0.0000
2.82 0.0000
2.83 102.7078
2.84 102.7078
2.85 102.7078
2.86 102.7078
2.87 103.0792
2.88 103.8262
2.89 105.7173
2.90 108.0322
2.91 110.0000
2.92 110.0000
2.93 110.0000
2.94 110.0000
2.95 110.0000
2.96 110.0000
2.97 110.0000
2.98 110.0000
2.99 112.4087
3.00 112.4087
3.01 112.4087
3.02 112.4087
3.03 112.4087
3.04 112.4087
3.05 0.0000
3.06 0.0000
3.07 0.0000
3.08 0.0000
3.09 0.0000
3.10 0.0000
3.11 0.0000
3.12 0.0000
3.13 0.0000
3.14 0.0000
3.15 0.0000
3.16 0.0000
3.17 0.0000
3.18 0.0000
3.19 0.0000
3.20 0.0000
3.21 0.0000
3.22 0.0000
3.23 0.0000
3.24 0.0000
3.25 0.0000
3.26 0.0000
3.27 0.0000
3.28 0.0000
3.29 0.0000
3.30 0.0000
3.31 0.0000
3.32 0.0000
3.33 0.0000
3.34 0.0000
3.35 0.0000
3.36 0.0000
3.37 0.0000
3.38 0.0000
3.39 0.0000
3.40 0.0000
3.41 0.0000
3.42 0.0000
3.43 0.0000
3.44 0.0000
3.45 0.0000
3.46 0.0000
3.47 0.0000
3.48 0.0000
3.49 0.0000
3.50 0.0000
3.51 0.0000
3.52 0.0000
3.53 0.0000
3.54 0.0000
3.55 0.0000
3.56 0.0000
3.57 0.0000
3.58 0.0000
3.59 0.0000
3.60 0.0000
3.61 0.0000
3.62 0.0000
3.63 0.0000
3.64 0.0000
3.65 0.0000
3.66 0.0000
3.67 0.0000
3.68 0.0000
3.69 0.0000
3.70 0.0000
3.71 0.0000
3.72 0.0000
3.73 0.0000
3.74 0.0000
3.75 0.0000
3.76 0.0000
3.77 0.0000
3.78 0.0000
3.79 0.0000
3.80 0.0000
3.81 0.0000
3.82 0.0000
3.83 0.0000
3.84 0.0000
3.85 0.0000
3.86 0.0000
3.87 0.0000
3.88 0.0000
3.89 0.0000
3.90 0.0000
3.91 0.0000
3.92 0.0000
3.93 0.0000
3.94 0.0000
3.95 0.0000
3.96 0.0000
3.97 0.0000
3.98 0.0000
3.99 0.0000
4.00 0.0000
4.01 0.0000
4.02 0.0000
4.03 0.0000
4.04 0.0000
4.05 0.0000
4.06 0.0000
4.07 0.0000
4.08 0.0000
4.09 0.0000
4.10 0.0000
4.11 0.0000
4.12 0.0000
4.13 0.0000
4.14 0.0000
4.15 0.0000
4.16 0.0000
4.17 0.0000
4.18 0.0000
4.19 0.0000
4.20 0.0000
4.21 0.0000
4.22 0.0000
4.23 0.0000
4.24 0.0000
4.25 0.0000
4.26 0.0000
4.27 0.0000
4.28 0.0000
4.29 0.0000
4.30 0.0000
4.31 0.0000
4.32 0.0000
4.33 0.0000
4.34 0.0000
4.35 0.0000
4.36 0.0000
4.37 0.0000
4.38 0.0000
4.39 0.0000
4.40 0.0000
4.41 0.0000
4.42 0.0000
4.43 0.0000
4.44 0.0000
4.45 0.0000
4.46 0.0000
4.47 0.0000
4.48 0.0000
4.49 0.0000
4.50 0.0000
4.51 0.0000
4.52 0.0000
4.53 0.0000
4.54 0.0000
4.55 0.0000
4.56 0.0000
4.57 0.0000
4.58 0.0000
4.59 0.0000
4.60 0.0000
4.61 0.0000
4.62 0.0000
4.63 0.0000
4.64 0.0000
4.65 0.0000
4.66 0.0000
4.67 0.0000
4.68 0.0000
4.69 0.0000
4.70 0.0000
4.71 0.0000
4.72 0.0000
4.73 0.0000
4.74 0.0000
4.75 0.0000
4.76 0.0000
4.77 0.0000
4.78 0.0000
4.79 0.0000
4.80 0.0000
4.81 0.0000
4.82 0.0000
4.83 0.0000
4.84 0.0000
4.85 0.0000
4.86 0.0000
4.87 0.0000
4.88 0.0000
4.89 0.0000
4.90 0.0000
4.91 0.0000
4.92 0.0000
4.93 0.0000
4.94 0.0000
4.95 0.0000
4.96 0.0000
4.97 0.0000
4.98 0.0000
4.99 0.0000
5.00 0.0000
5.01 0.0000
5.02 0.0000
5.03 0.0000
5.04 0.0000
5.05 0.0000
5.06 0.0000
5.07 0.0000
5.08 0.0000
5.09 0.0000
5.10 0.0000
5.11 0.0000
5.12 0.0000
5.13 0.0000
5.14 0.0000
5.15 0.0000
5.16 0.0000
5.17 0.0000
5.18 0.0000
5.19 141.6261
5.20 144.2057
5.21 145.2507
5.22 145.2507
5.23 145.7760
5.24 145.7760
5.25 145.7760
5.26 145.7760
5.27 145.7760
5.28 145.2507
5.29 145.2507
5.30 145.2507
5.31 143.1683
5.32 142.6524
5.33 139.5956
5.34 137.5943
5.35 135.6216
5.36 134.6459
5.37 133.1955
5.38 132.2372
5.39 130.8128
5.40 130.3414
5.41 128.4727
5.42 128.0097
5.43 125.7198
5.44 121.2621
5.45 121.2621
5.46 121.2621
5.47 121.2621
5.48 121.2621
5.49 122.5825
5.50 123.0259
5.51 126.1745
5.52 127.5484
5.53 128.4727
5.54 128.4727
5.55 128.4727
5.56 128.4727
5.57 128.4727
5.58 126.1745
5.59 124.3655
5.60 124.3655
5.61 123.9174
5.62 123.9174
5.63 123.9174
5.64 123.9174
5.65 123.9174
5.66 123.0259
5.67 121.2621
5.68 119.5236
5.69 119.0929
5.70 118.6637
5.71 115.2856
5.72 112.4087
5.73 112.0036
5.74 112.0036
5.75 112.0036
5.76 112.4087
5.77 115.2856
5.78 115.2856
5.79 115.2856
5.80 112.8152
5.81 112.8152
5.82 112.8152
5.83 112.8152
5.84 0.0000
5.85 0.0000
5.86 0.0000
5.87 0.0000
5.88 0.0000
5.89 0.0000
5.90 0.0000
5.91 0.0000
5.92 0.0000
5.93 0.0000
5.94 118.6637
5.95 118.6637
5.96 118.6637
5.97 115.7025
5.98 115.7025
5.99 115.2856
6.00 115.2856
6.01 115.2856
6.02 113.2232
6.03 113.2232
6.04 113.2232
6.05 115.7025
6.06 115.7025
6.07 115.7025
6.08 0.0000
6.09 0.0000
6.10 0.0000
6.11 0.0000
6.12 0.0000
6.13 0.0000
6.14 0.0000
6.15 0.0000
6.16 0.0000
6.17 0.0000
6.18 0.0000
6.19 0.0000
6.20 0.0000
6.21 0.0000
6.22 0.0000
6.23 0.0000
6.24 0.0000
6.25 0.0000
6.26 0.0000
6.27 0.0000
6.28 0.0000
6.29 0.0000
6.30 0.0000
6.31 0.0000
6.32 0.0000
6.33 0.0000
6.34 0.0000
6.35 0.0000
6.36 0.0000
6.37 105.3364
6.38 105.3364
6.39 105.3364
6.40 105.3364
6.41 105.3364
6.42 104.9568
6.43 104.5785
6.44 104.5785
6.45 104.5785
6.46 104.5785
6.47 104.5785
6.48 104.9568
6.49 104.9568
6.50 105.7173
6.51 108.0322
6.52 112.4087
6.53 112.4087
6.54 112.4087
6.55 0.0000
6.56 0.0000
6.57 0.0000
6.58 0.0000
6.59 0.0000
6.60 0.0000
6.61 0.0000
6.62 0.0000
6.63 0.0000
6.64 0.0000
6.65 0.0000
6.66 0.0000
6.67 0.0000
6.68 0.0000
6.69 0.0000
6.70 0.0000
6.71 0.0000
6.72 0.0000
6.73 0.0000
6.74 0.0000
6.75 0.0000
6.76 0.0000
6.77 0.0000
6.78 0.0000
6.79 0.0000
6.80 0.0000
6.81 0.0000
6.82 0.0000
6.83 0.0000
6.84 0.0000
6.85 0.0000
6.86 0.0000
6.87 0.0000
6.88 0.0000
6.89 0.0000
6.90 0.0000
6.91 0.0000
6.92 0.0000
6.93 0.0000
6.94 0.0000
6.95 0.0000
6.96 0.0000
6.97 0.0000
6.98 0.0000
6.99 0.0000
7.00 0.0000
7.01 0.0000
7.02 0.0000
7.03 0.0000
7.04 0.0000
7.05 0.0000
7.06 0.0000
7.07 0.0000
7.08 0.0000
7.09 0.0000
7.10 0.0000
7.11 0.0000
7.12 0.0000
7.13 0.0000
7.14 0.0000
7.15 0.0000
7.16 0.0000
7.17 0.0000
7.18 0.0000
7.19 0.0000
7.20 0.0000
7.21 0.0000
7.22 0.0000
7.23 0.0000
7.24 0.0000
7.25 0.0000
7.26 0.0000
7.27 0.0000
7.28 0.0000
7.29 0.0000
7.30 0.0000
7.31 0.0000
7.32 0.0000
7.33 0.0000
7.34 0.0000
7.35 0.0000
7.36 0.0000
7.37 0.0000
7.38 0.0000
7.39 0.0000
7.40 0.0000
7.41 0.0000
7.42 0.0000
7.43 0.0000
