0.00 0.0000
0.01 0.0000
0.02 0.0000
0.03 0.0000
0.04 0.0000
0.05 0.0000
0.06 213.7370
0.07 214.5100
0.08 214.5100
0.09 214.5100
0.10 213.7370
0.11 213.7370
0.12 213.7370
0.13 213.7370
0.14 214.5100
0.15 214.5100
0.16 214.5100
0.17 214.5100
0.18 214.5100
0.19 214.5100
0.20 214.5100
0.21 215.2859
0.22 215.2859
0.23 215.2859
0.24 215.2859
0.25 215.2859
0.26 0.0000
0.27 0.0000
0.28 0.0000
0.29 0.0000
0.30 0.0000
0.31 0.0000
0.32 0.0000
0.33 0.0000
0.34 0.0000
0.35 0.0000
0.36 0.0000
0.37 214.5100
0.38 214.5100
0.39 214.5100
0.40 214.5100
0.41 214.5100
0.42 214.5100
0.43 214.5100
0.44 212.1993
0.45 212.1993
0.46 212.1993
0.47 212.1993
0.48 212.1993
0.49 212.1993
0.50 212.1993
0.51 213.7370
0.52 214.5100
0.53 214.5100
0.54 215.2859
0.55 215.2859
0.56 215.2859
0.57 214.5100
0.58 214.5100
0.59 214.5100
0.60 214.5100
0.61 214.5100
0.62 212.1993
0.63 211.4347
0.64 211.4347
0.65 211.4347
0.66 211.4347
0.67 211.4347
0.68 211.4347
0.69 211.4347
0.70 211.4347
0.71 211.4347
0.72 211.4347
0.73 211.4347
0.74 211.4347
0.75 211.4347
0.76 211.4347
0.77 211.4347
0.78 211.4347
0.79 211.4347
0.80 211.4347
0.81 211.4347
0.82 211.4347
0.83 211.4347
0.84 211.4347
0.85 211.4347
0.86 211.4347
0.87 211.4347
0.88 0.0000
0.89 0.0000
0.90 0.0000
0.91 0.0000
0.92 0.0000
0.93 0.0000
0.94 209.1571
0.95 209.9135
0.96 211.4347
0.97 211.4347
0.98 211.4347
0.99 211.4347
1.00 211.4347
1.01 211.4347
1.02 211.4347
1.03 211.4347
1.04 211.4347
1.05 211.4347
1.06 211.4347
1.07 211.4347
1.08 209.9135
1.09 209.9135
1.10 209.9135
1.11 209.9135
1.12 209.1571
1.13 209.1571
1.14 209.1571
1.15 209.1571
1.16 209.1571
1.17 209.9135
1.18 211.4347
1.19 211.4347
1.20 211.4347
1.21 211.4347
1.22 211.4347
1.23 211.4347
1.24 211.4347
1.25 211.4347
1.26 211.4347
1.27 212.1993
1.28 212.1993
1.29 212.1993
1.30 212.1993
1.31 212.1993
1.32 212.1993
1.33 212.1993
1.34 212.1993
1.35 212.1993
1.36 211.4347
1.37 211.4347
1.38 211.4347
1.39 211.4347
1.40 211.4347
1.41 211.4347
1.42 212.1993
1.43 213.7370
1.44 213.7370
1.45 213.7370
1.46 212.1993
1.47 212.1993
1.48 212.1993
1.49 211.4347
1.50 211.4347
1.51 211.4347
1.52 209.9135
1.53 209.1571
1.54 209.1571
1.55 0.0000
1.56 0.0000
1.57 0.0000
1.58 0.0000
1.59 0.0000
1.60 212.1993
1.61 212.1993
1.62 212.1993
1.63 212.1993
1.64 217.6302
1.65 217.6302
1.66 217.6302
1.67 0.0000
1.68 0.0000
1.69 0.0000
1.70 0.0000
1.71 0.0000
1.72 0.0000
1.73 0.0000
1.74 0.0000
1.75 0.0000
1.76 0.0000
1.77 0.0000
1.78 0.0000
1.79 0.0000
1.80 0.0000
1.81 0.0000
1.82 0.0000
1.83 0.0000
1.84 0.0000
1.85 0.0000
1.86 0.0000
1.87 0.0000
1.88 0.0000
1.89 0.0000
1.90 0.0000
1.91 0.0000
1.92 0.0000
1.93 0.0000
1.94 0.0000
1.95 0.0000
1.96 0.0000
1.97 0.0000
1.98 0.0000
1.99 0.0000
2.00 0.0000
2.01 0.0000
2.02 0.0000
2.03 0.0000
2.04 0.0000
2.05 0.0000
2.06 0.0000
2.07 0.0000
2.08 0.0000
2.09 0.0000
2.10 0.0000
2.11 0.0000
2.12 0.0000
2.13 0.0000
2.14 0.0000
2.15 0.0000
2.16 0.0000
2.17 0.0000
2.18 0.0000
2.19 208.4034
2.20 208.4034
2.21 209.1571
2.22 211.4347
2.23 212.1993
2.24 212.1993
2.25 212.1993
2.26 212.1993
2.27 212.1993
2.28 212.1993
2.29 212.1993
2.30 212.1993
2.31 212.1993
2.32 212.1993
2.33 0.0000
2.34 0.0000
2.35 0.0000
2.36 0.0000
2.37 0.0000
2.38 0.0000
2.39 0.0000
2.40 0.0000
2.41 0.0000
2.42 0.0000
2.43 0.0000
2.44 0.0000
2.45 0.0000
2.46 0.0000
2.47 0.0000
2.48 0.0000
2.49 0.0000
2.50 0.0000
2.51 211.4347
2.52 212.1993
2.53 212.1993
2.54 212.1993
2.55 212.1993
2.56 212.1993
2.57 212.1993
2.58 212.1993
2.59 212.1993
2.60 212.1993
2.61 212.1993
2.62 211.4347
2.63 0.0000
2.64 0.0000
2.65 0.0000
2.66 0.0000
2.67 0.0000
2.68 0.0000
2.69 0.0000
2.70 0.0000
2.71 0.0000
2.72 0.0000
2.73 0.0000
2.74 0.0000
2.75 0.0000
2.76 0.0000
2.77 0.0000
2.78 0.0000
2.79 0.0000
2.80 0.0000
2.81 0.0000
2.82 0.0000
2.83 0.0000
2.84 0.0000
2.85 0.0000
2.86 0.0000
2.87 0.0000
2.88 0.0000
2.89 0.0000
2.90 0.0000
2.91 0.0000
2.92 0.0000
2.93 0.0000
2.94 0.0000
2.95 0.0000
2.96 0.0000
2.97 0.0000
2.98 0.0000
2.99 0.0000
3.00 0.0000
3.01 0.0000
3.02 0.0000
3.03 0.0000
3.04 0.0000
3.05 0.0000
3.06 0.0000
3.07 0.0000
3.08 0.0000
3.09 0.0000
