0.00 0.0000
0.01 0.0000
0.02 0.0000
0.03 0.0000
0.04 0.0000
0.05 0.0000
0.06 0.0000
0.07 0.0000
0.08 0.0000
0.09 0.0000
0.10 0.0000
0.11 0.0000
0.12 0.0000
0.13 0.0000
0.14 0.0000
0.15 0.0000
0.16 0.0000
0.17 0.0000
0.18 0.0000
0.19 0.0000
0.20 0.0000
0.21 0.0000
0.22 0.0000
0.23 0.0000
0.24 0.0000
0.25 0.0000
0.26 0.0000
0.27 0.0000
0.28 0.0000
0.29 0.0000
0.30 0.0000
0.31 0.0000
0.32 0.0000
0.33 0.0000
0.34 0.0000
0.35 0.0000
0.36 0.0000
0.37 0.0000
0.38 0.0000
0.39 0.0000
0.40 0.0000
0.41 0.0000
0.42 0.0000
0.43 0.0000
0.44 0.0000
0.45 0.0000
0.46 0.0000
0.47 0.0000
0.48 0.0000
0.49 0.0000
0.50 0.0000
0.51 0.0000
0.52 0.0000
0.53 0.0000
0.54 0.0000
0.55 0.0000
0.56 0.0000
0.57 0.0000
0.58 0.0000
0.59 0.0000
0.60 0.0000
0.61 0.0000
0.62 0.0000
0.63 0.0000
0.64 0.0000
0.65 0.0000
0.66 0.0000
0.67 0.0000
0.68 0.0000
0.69 0.0000
0.70 0.0000
0.71 0.0000
0.72 0.0000
0.73 0.0000
0.74 0.0000
0.75 0.0000
0.76 0.0000
0.77 0.0000
0.78 0.0000
0.79 0.0000
0.80 0.0000
0.81 0.0000
0.82 0.0000
0.83 0.0000
0.84 0.0000
0.85 0.0000
0.86 0.0000
0.87 0.0000
0.88 0.0000
0.89 0.0000
0.90 0.0000
0.91 0.0000
0.92 0.0000
0.93 0.0000
0.94 135.6216
0.95 135.6216
0.96 135.6216
0.97 133.1955
0.98 132.2372
0.99 130.3414
1.00 128.4727
1.01 128.0097
1.02 128.0097
1.03 128.0097
1.04 128.0097
1.05 128.4727
1.06 128.4727
1.07 128.4727
1.08 128.4727
1.09 128.0097
1.10 127.0888
1.11 125.7198
1.12 122.5825
1.13 122.5825
1.14 120.8251
1.15 120.8251
1.16 119.0929
1.17 117.8100
1.18 0.0000
1.19 0.0000
1.20 0.0000
1.21 0.0000
1.22 0.0000
1.23 0.0000
1.24 0.0000
1.25 0.0000
1.26 0.0000
1.27 0.0000
1.28 0.0000
1.29 0.0000
1.30 0.0000
1.31 0.0000
1.32 0.0000
1.33 0.0000
1.34 0.0000
1.35 0.0000
1.36 0.0000
1.37 0.0000
1.38 0.0000
1.39 0.0000
1.40 0.0000
1.41 0.0000
1.42 0.0000
1.43 0.0000
1.44 0.0000
1.45 0.0000
1.46 0.0000
1.47 0.0000
1.48 0.0000
1.49 0.0000
1.50 0.0000
1.51 0.0000
1.52 0.0000
1.53 0.0000
1.54 0.0000
1.55 0.0000
1.56 0.0000
1.57 132.2372
1.58 132.2372
1.59 132.2372
1.60 0.0000
1.61 0.0000
1.62 0.0000
1.63 0.0000
1.64 0.0000
1.65 0.0000
1.66 0.0000
1.67 0.0000
1.68 0.0000
1.69 0.0000
1.70 0.0000
1.71 0.0000
1.72 0.0000
1.73 0.0000
1.74 0.0000
1.75 0.0000
1.76 0.0000
1.77 0.0000
1.78 0.0000
1.79 0.0000
1.80 0.0000
1.81 0.0000
1.82 0.0000
1.83 0.0000
1.84 0.0000
1.85 0.0000
1.86 0.0000
1.87 0.0000
1.88 0.0000
1.89 0.0000
1.90 0.0000
1.91 0.0000
1.92 0.0000
1.93 0.0000
1.94 0.0000
1.95 0.0000
1.96 0.0000
1.97 0.0000
1.98 0.0000
1.99 0.0000
2.00 0.0000
2.01 0.0000
2.02 0.0000
2.03 0.0000
2.04 0.0000
2.05 0.0000
2.06 0.0000
2.07 0.0000
2.08 0.0000
2.09 0.0000
2.10 0.0000
2.11 0.0000
2.12 0.0000
2.13 0.0000
2.14 0.0000
2.15 0.0000
2.16 0.0000
2.17 160.1219
2.18 160.1219
2.19 160.1219
2.20 157.8262
2.21 157.8262
2.22 157.8262
2.23 161.8655
2.24 161.8655
2.25 161.8655
2.26 161.8655
2.27 161.8655
2.28 160.7010
2.29 160.1219
2.30 160.1219
2.31 157.8262
2.32 0.0000
2.33 0.0000
2.34 0.0000
2.35 0.0000
2.36 0.0000
2.37 0.0000
2.38 0.0000
2.39 0.0000
2.40 0.0000
2.41 0.0000
2.42 0.0000
2.43 0.0000
2.44 0.0000
2.45 0.0000
2.46 0.0000
2.47 0.0000
2.48 0.0000
2.49 0.0000
2.50 0.0000
2.51 0.0000
2.52 0.0000
2.53 0.0000
2.54 0.0000
2.55 0.0000
2.56 0.0000
2.57 0.0000
2.58 0.0000
2.59 0.0000
2.60 155.0029
2.61 155.0029
2.62 155.0029
2.63 154.4443
2.64 154.4443
2.65 151.1349
2.66 148.4313
2.67 145.7760
2.68 0.0000
2.69 0.0000
2.70 0.0000
2.71 0.0000
2.72 0.0000
2.73 0.0000
2.74 0.0000
2.75 0.0000
2.76 0.0000
2.77 0.0000
2.78 0.0000
2.79 0.0000
2.80 0.0000
2.81 0.0000
2.82 0.0000
2.83 0.0000
2.84 0.0000
2.85 0.0000
2.86 0.0000
2.87 0.0000
2.88 0.0000
2.89 128.4727
2.90 128.4727
2.91 128.4727
2.92 125.7198
2.93 122.5825
2.94 119.0929
2.95 118.6637
2.96 116.5409
2.97 116.5409
2.98 115.7025
2.99 115.7025
3.00 115.2856
3.01 114.8701
3.02 114.4562
3.03 114.4562
3.04 114.4562
3.05 114.8701
3.06 115.7025
3.07 116.1210
3.08 119.0929
3.09 121.2621
3.10 125.7198
3.11 125.7198
3.12 127.0888
3.13 128.4727
3.14 129.4037
3.15 129.4037
3.16 130.3414
3.17 130.8128
3.18 133.6772
3.19 133.6772
3.20 133.6772
3.21 133.1955
3.22 130.3414
3.23 128.4727
3.24 126.6308
3.25 125.7198
3.26 125.2667
3.27 122.5825
3.28 122.5825
3.29 122.5825
3.30 122.5825
3.31 122.5825
3.32 122.5825
3.33 122.5825
3.34 122.5825
3.35 122.5825
3.36 123.4708
3.37 124.3655
3.38 125.7198
3.39 128.4727
3.40 130.3414
3.41 130.8128
3.42 130.8128
3.43 132.2372
3.44 132.2372
3.45 132.2372
3.46 130.8128
3.47 129.4037
3.48 128.9373
3.49 128.4727
3.50 128.4727
3.51 0.0000
3.52 0.0000
3.53 0.0000
3.54 0.0000
3.55 0.0000
3.56 0.0000
3.57 0.0000
3.58 0.0000
3.59 129.4037
3.60 129.4037
3.61 129.4037
3.62 128.9373
3.63 127.0888
3.64 124.3655
3.65 122.5825
3.66 122.5825
3.67 121.2621
3.68 121.2621
3.69 121.2621
3.70 121.2621
3.71 121.2621
3.72 121.2621
3.73 118.6637
3.74 115.7025
3.75 115.7025
3.76 115.7025
3.77 115.7025
3.78 116.1210
3.79 116.5409
3.80 118.6637
3.81 118.6637
3.82 118.6637
3.83 118.6637
3.84 118.6637
3.85 119.0929
3.86 120.8251
3.87 121.2621
3.88 122.5825
3.89 123.0259
3.90 123.4708
3.91 123.4708
3.92 123.9174
3.93 125.2667
3.94 126.1745
3.95 127.0888
3.96 127.0888
3.97 127.0888
3.98 126.6308
3.99 126.1745
4.00 125.7198
4.01 124.3655
4.02 123.4708
4.03 121.2621
4.04 121.2621
4.05 120.8251
4.06 120.3897
4.07 119.9559
4.08 119.9559
4.09 119.9559
4.10 120.3897
4.11 120.3897
4.12 120.3897
4.13 120.8251
4.14 121.2621
4.15 121.2621
4.16 121.2621
4.17 121.2621
4.18 121.2621
4.19 122.5825
4.20 123.0259
4.21 123.0259
4.22 123.0259
4.23 110.0000
4.24 110.0000
4.25 110.0000
4.26 110.0000
4.27 108.0322
4.28 108.0322
4.29 108.0322
4.30 108.0322
4.31 108.0322
4.32 108.0322
4.33 108.0322
4.34 108.0322
4.35 108.0322
4.36 108.0322
4.37 108.0322
4.38 104.9568
4.39 104.9568
4.40 104.9568
4.41 104.9568
4.42 104.9568
4.43 104.9568
4.44 104.9568
4.45 104.9568
4.46 104.9568
4.47 104.9568
4.48 108.0322
4.49 108.0322
4.50 108.0322
4.51 108.0322
4.52 108.0322
4.53 0.0000
4.54 0.0000
4.55 0.0000
4.56 0.0000
4.57 0.0000
4.58 0.0000
4.59 0.0000
4.60 0.0000
4.61 0.0000
4.62 0.0000
4.63 0.0000
4.64 0.0000
4.65 0.0000
4.66 0.0000
4.67 0.0000
4.68 0.0000
4.69 0.0000
4.70 0.0000
4.71 0.0000
4.72 0.0000
4.73 0.0000
4.74 0.0000
4.75 0.0000
4.76 0.0000
4.77 0.0000
4.78 0.0000
4.79 0.0000
4.80 0.0000
4.81 0.0000
4.82 0.0000
4.83 0.0000
4.84 0.0000
4.85 0.0000
4.86 0.0000
4.87 0.0000
4.88 0.0000
4.89 0.0000
4.90 0.0000
4.91 0.0000
4.92 0.0000
4.93 0.0000
4.94 0.0000
4.95 0.0000
4.96 157.2575
4.97 157.2575
4.98 157.2575
4.99 154.4443
5.00 152.2301
5.01 143.6861
5.02 139.5956
5.03 135.6216
5.04 133.1955
5.05 130.8128
5.06 130.8128
5.07 129.4037
5.08 128.0097
5.09 126.1745
5.10 122.5825
5.11 122.1408
5.12 119.0929
5.13 116.5409
5.14 115.7025
5.15 115.2856
5.16 114.8701
5.17 114.4562
5.18 114.4562
5.19 112.8152
5.20 112.4087
5.21 110.3978
5.22 110.0000
5.23 110.0000
5.24 0.0000
5.25 0.0000
5.26 0.0000
5.27 0.0000
5.28 0.0000
5.29 0.0000
5.30 0.0000
5.31 0.0000
5.32 0.0000
5.33 0.0000
5.34 0.0000
5.35 0.0000
5.36 0.0000
5.37 0.0000
5.38 0.0000
5.39 0.0000
5.40 0.0000
5.41 0.0000
5.42 0.0000
5.43 0.0000
5.44 0.0000
5.45 0.0000
5.46 0.0000
5.47 0.0000
5.48 0.0000
5.49 0.0000
5.50 0.0000
5.51 0.0000
5.52 0.0000
5.53 0.0000
5.54 0.0000
5.55 0.0000
5.56 0.0000
5.57 0.0000
5.58 0.0000
5.59 0.0000
5.60 0.0000
5.61 0.0000
5.62 0.0000
5.63 0.0000
5.64 0.0000
5.65 0.0000
5.66 0.0000
5.67 0.0000
5.68 0.0000
5.69 0.0000
5.70 0.0000
5.71 0.0000
5.72 0.0000
5.73 0.0000
5.74 0.0000
5.75 0.0000
5.76 0.0000
5.77 0.0000
5.78 0.0000
5.79 0.0000
5.80 0.0000
5.81 0.0000
5.82 0.0000
5.83 0.0000
5.84 0.0000
5.85 0.0000
5.86 0.0000
5.87 0.0000
5.88 0.0000
5.89 0.0000
5.90 0.0000
5.91 0.0000
5.92 0.0000
5.93 0.0000
5.94 0.0000
5.95 0.0000
5.96 0.0000
5.97 0.0000
5.98 0.0000
5.99 0.0000
6.00 0.0000
6.01 0.0000
6.02 0.0000
6.03 0.0000
6.04 0.0000
6.05 0.0000
6.06 0.0000
6.07 0.0000
6.08 0.0000
6.09 0.0000
6.10 0.0000
6.11 0.0000
6.12 0.0000
6.13 0.0000
6.14 0.0000
6.15 0.0000
6.16 0.0000
6.17 0.0000
6.18 0.0000
6.19 0.0000
6.20 0.0000
6.21 0.0000
6.22 0.0000
6.23 0.0000
6.24 0.0000
6.25 0.0000
6.26 0.0000
6.27 0.0000
6.28 0.0000
6.29 0.0000
6.30 0.0000
6.31 0.0000
6.32 0.0000
6.33 0.0000
6.34 0.0000
6.35 0.0000
6.36 0.0000
6.37 0.0000
6.38 0.0000
6.39 0.0000
6.40 0.0000
6.41 0.0000
6.42 0.0000
6.43 0.0000
6.44 0.0000
6.45 0.0000
6.46 0.0000
6.47 0.0000
6.48 0.0000
6.49 0.0000
6.50 0.0000
6.51 0.0000
6.52 0.0000
6.53 0.0000
6.54 0.0000
6.55 0.0000
6.56 0.0000
6.57 0.0000
6.58 0.0000
6.59 0.0000
6.60 0.0000
6.61 0.0000
6.62 0.0000
6.63 0.0000
6.64 0.0000
6.65 0.0000
6.66 0.0000
6.67 0.0000
6.68 0.0000
6.69 0.0000
6.70 0.0000
6.71 0.0000
6.72 0.0000
6.73 0.0000
6.74 0.0000
6.75 0.0000
6.76 0.0000
6.77 0.0000
6.78 0.0000
6.79 0.0000
6.80 0.0000
6.81 0.0000
6.82 0.0000
6.83 0.0000
6.84 0.0000
6.85 0.0000
6.86 0.0000
6.87 0.0000
6.88 0.0000
6.89 0.0000
6.90 0.0000
6.91 0.0000
6.92 0.0000
6.93 0.0000
6.94 0.0000
6.95 0.0000
6.96 0.0000
6.97 0.0000
6.98 0.0000
6.99 0.0000
7.00 0.0000
7.01 0.0000
7.02 0.0000
7.03 0.0000
7.04 0.0000
7.05 0.0000
7.06 0.0000
7.07 0.0000
7.08 0.0000
7.09 0.0000
7.10 0.0000
7.11 0.0000
7.12 0.0000
7.13 0.0000
7.14 0.0000
7.15 0.0000
7.16 0.0000
7.17 0.0000
7.18 0.0000
7.19 0.0000
7.20 0.0000
7.21 0.0000
7.22 0.0000
7.23 0.0000
7.24 0.0000
7.25 0.0000
7.26 0.0000
7.27 0.0000
7.28 0.0000
7.29 0.0000
7.30 0.0000
7.31 0.0000
7.32 0.0000
7.33 0.0000
7.34 0.0000
7.35 0.0000
7.36 0.0000
7.37 0.0000
7.38 0.0000
7.39 0.0000
7.40 0.0000
7.41 0.0000
7.42 0.0000
7.43 0.0000
7.44 0.0000
7.45 0.0000
7.46 0.0000
7.47 0.0000
7.48 0.0000
7.49 0.0000
7.50 0.0000
7.51 0.0000
7.52 0.0000
7.53 0.0000
7.54 0.0000
7.55 0.0000
7.56 0.0000
7.57 0.0000
7.58 0.0000
7.59 0.0000
7.60 0.0000
7.61 0.0000
7.62 0.0000
7.63 0.0000
7.64 0.0000
7.65 0.0000
7.66 0.0000
7.67 0.0000
7.68 0.0000
7.69 0.0000
7.70 0.0000
7.71 0.0000
7.72 0.0000
7.73 0.0000
7.74 0.0000
7.75 0.0000
7.76 0.0000
7.77 0.0000
7.78 0.0000
7.79 0.0000
7.80 0.0000
7.81 0.0000
7.82 0.0000
7.83 0.0000
7.84 0.0000
7.85 0.0000
7.86 0.0000
7.87 0.0000
7.88 0.0000
7.89 0.0000
7.90 0.0000
7.91 0.0000
7.92 0.0000
7.93 0.0000
7.94 0.0000
7.95 0.0000
7.96 0.0000
7.97 0.0000
7.98 0.0000
7.99 0.0000
8.00 0.0000
8.01 0.0000
8.02 0.0000
8.03 0.0000
8.04 0.0000
8.05 0.0000
8.06 150.0476
8.07 151.6815
8.08 154.4443
8.09 160.1219
8.10 163.0384
8.11 168.4227
8.12 168.4227
8.13 168.4227
8.14 168.4227
8.15 167.8158
8.16 0.0000
8.17 0.0000
8.18 0.0000
8.19 0.0000
8.20 0.0000
8.21 0.0000
8.22 0.0000
8.23 0.0000
8.24 0.0000
8.25 0.0000
8.26 0.0000
8.27 0.0000
8.28 0.0000
8.29 0.0000
8.30 0.0000
8.31 0.0000
8.32 0.0000
8.33 0.0000
8.34 0.0000
8.35 0.0000
8.36 0.0000
8.37 0.0000
8.38 0.0000
8.39 0.0000
8.40 0.0000
8.41 0.0000
8.42 167.2111
8.43 169.0319
8.44 170.2567
8.45 171.4905
8.46 172.1107
8.47 172.1107
8.48 172.1107
8.49 172.1107
8.50 171.4905
8.51 171.4905
8.52 0.0000
8.53 0.0000
8.54 0.0000
8.55 0.0000
8.56 0.0000
8.57 0.0000
8.58 0.0000
8.59 175.2456
8.60 175.2456
8.61 175.2456
8.62 174.6141
8.63 172.1107
8.64 171.4905
8.65 171.4905
8.66 171.4905
8.67 171.4905
8.68 170.2567
8.69 169.6432
8.70 169.0319
8.71 168.4227
8.72 167.2111
8.73 166.6085
8.74 166.0081
8.75 166.0081
8.76 0.0000
8.77 0.0000
8.78 0.0000
8.79 0.0000
8.80 0.0000
8.81 0.0000
8.82 0.0000
8.83 0.0000
8.84 0.0000
8.85 0.0000
8.86 0.0000
8.87 0.0000
8.88 0.0000
8.89 0.0000
8.90 0.0000
8.91 0.0000
8.92 0.0000
8.93 0.0000
8.94 0.0000
8.95 0.0000
8.96 0.0000
8.97 0.0000
8.98 0.0000
8.99 0.0000
9.00 0.0000
9.01 0.0000
9.02 0.0000
9.03 0.0000
9.04 0.0000
9.05 0.0000
9.06 0.0000
9.07 139.5956
9.08 141.1157
9.09 141.6261
9.10 143.1683
9.11 144.7273
9.12 145.2507
9.13 147.8964
9.14 149.5069
9.15 151.6815
9.16 152.7807
9.17 152.7807
9.18 152.7807
9.19 151.6815
9.20 151.1349
9.21 150.0476
9.22 148.4313
9.23 148.4313
9.24 147.8964
9.25 146.8324
9.26 145.7760
9.27 145.2507
9.28 142.6524
9.29 142.1383
9.30 0.0000
9.31 0.0000
9.32 0.0000
9.33 0.0000
9.34 0.0000
9.35 0.0000
9.36 0.0000
9.37 0.0000
9.38 0.0000
9.39 0.0000
9.40 0.0000
9.41 0.0000
9.42 0.0000
9.43 137.5943
9.44 137.5943
9.45 137.5943
9.46 137.0984
9.47 137.0984
9.48 137.0984
9.49 137.0984
9.50 137.5943
9.51 139.0926
9.52 139.5956
9.53 141.1157
9.54 141.6261
9.55 142.6524
9.56 142.6524
9.57 142.6524
9.58 139.5956
9.59 135.6216
9.60 133.1955
9.61 0.0000
9.62 0.0000
9.63 0.0000
9.64 0.0000
9.65 0.0000
9.66 0.0000
9.67 0.0000
9.68 0.0000
9.69 0.0000
9.70 0.0000
9.71 0.0000
9.72 0.0000
9.73 0.0000
9.74 0.0000
9.75 0.0000
9.76 130.8128
9.77 132.2372
9.78 132.2372
9.79 132.2372
9.80 132.2372
9.81 132.2372
9.82 132.2372
9.83 132.7155
9.84 132.7155
9.85 132.7155
9.86 132.2372
9.87 130.8128
9.88 130.8128
9.89 130.3414
9.90 129.4037
9.91 128.9373
9.92 127.0888
9.93 127.0888
9.94 127.0888
9.95 126.6308
9.96 126.6308
9.97 126.1745
9.98 125.7198
9.99 125.7198
10.00 125.7198
10.01 0.0000
10.02 0.0000
10.03 0.0000
10.04 0.0000
10.05 0.0000
10.06 0.0000
10.07 0.0000
10.08 0.0000
10.09 0.0000
10.10 0.0000
10.11 0.0000
10.12 0.0000
10.13 0.0000
10.14 0.0000
10.15 0.0000
10.16 0.0000
10.17 0.0000
10.18 0.0000
10.19 0.0000
10.20 0.0000
10.21 0.0000
10.22 0.0000
10.23 0.0000
10.24 0.0000
10.25 0.0000
10.26 0.0000
10.27 0.0000
10.28 0.0000
10.29 0.0000
10.30 0.0000
10.31 0.0000
10.32 0.0000
10.33 0.0000
10.34 0.0000
10.35 0.0000
10.36 0.0000
10.37 0.0000
10.38 0.0000
10.39 0.0000
10.40 0.0000
10.41 0.0000
10.42 0.0000
10.43 0.0000
10.44 0.0000
10.45 0.0000
10.46 0.0000
10.47 0.0000
10.48 0.0000
10.49 0.0000
10.50 0.0000
10.51 0.0000
10.52 0.0000
10.53 0.0000
