0.00 0.0000
0.01 0.0000
0.02 0.0000
0.03 0.0000
0.04 0.0000
0.05 0.0000
0.06 0.0000
0.07 0.0000
0.08 0.0000
0.09 0.0000
0.10 0.0000
0.11 0.0000
0.12 0.0000
0.13 0.0000
0.14 0.0000
0.15 0.0000
0.16 0.0000
0.17 0.0000
0.18 0.0000
0.19 0.0000
0.20 0.0000
0.21 0.0000
0.22 0.0000
0.23 0.0000
0.24 0.0000
0.25 0.0000
0.26 0.0000
0.27 0.0000
0.28 0.0000
0.29 0.0000
0.30 0.0000
0.31 0.0000
0.32 0.0000
0.33 0.0000
0.34 0.0000
0.35 0.0000
0.36 0.0000
0.37 0.0000
0.38 0.0000
0.39 0.0000
0.40 0.0000
0.41 0.0000
0.42 0.0000
0.43 0.0000
0.44 0.0000
0.45 0.0000
0.46 0.0000
0.47 0.0000
0.48 0.0000
0.49 0.0000
0.50 0.0000
0.51 0.0000
0.52 0.0000
0.53 0.0000
0.54 0.0000
0.55 0.0000
0.56 0.0000
0.57 0.0000
0.58 0.0000
0.59 0.0000
0.60 0.0000
0.61 0.0000
0.62 0.0000
0.63 0.0000
0.64 0.0000
0.65 0.0000
0.66 0.0000
0.67 0.0000
0.68 0.0000
0.69 0.0000
0.70 0.0000
0.71 0.0000
0.72 0.0000
0.73 0.0000
0.74 0.0000
0.75 0.0000
0.76 0.0000
0.77 0.0000
0.78 0.0000
0.79 0.0000
0.80 0.0000
0.81 0.0000
0.82 0.0000
0.83 0.0000
0.84 0.0000
0.85 0.0000
0.86 0.0000
0.87 0.0000
0.88 0.0000
0.89 0.0000
0.90 0.0000
0.91 0.0000
0.92 0.0000
0.93 0.0000
0.94 0.0000
0.95 0.0000
0.96 0.0000
0.97 0.0000
0.98 0.0000
0.99 0.0000
1.00 0.0000
1.01 0.0000
1.02 0.0000
1.03 0.0000
1.04 158.3970
1.05 158.9699
1.06 158.9699
1.07 158.9699
1.08 157.8262
1.09 157.2575
1.10 154.4443
1.11 153.8878
1.12 151.6815
1.13 149.5069
1.14 147.8964
1.15 146.8324
1.16 146.8324
1.17 146.8324
1.18 146.8324
1.19 146.8324
1.20 146.3033
1.21 145.2507
1.22 144.2057
1.23 143.1683
1.24 142.1383
1.25 140.1005
1.26 139.0926
1.27 135.6216
1.28 130.8128
1.29 130.3414
1.30 129.8717
1.31 129.8717
1.32 129.4037
1.33 129.4037
1.34 128.9373
1.35 127.5484
1.36 126.6308
1.37 124.3655
1.38 124.3655
1.39 124.3655
1.40 122.5825
1.41 122.5825
1.42 0.0000
1.43 0.0000
1.44 0.0000
1.45 0.0000
1.46 0.0000
1.47 0.0000
1.48 0.0000
1.49 0.0000
1.50 0.0000
1.51 0.0000
1.52 0.0000
1.53 0.0000
1.54 0.0000
1.55 0.0000
1.56 0.0000
1.57 0.0000
1.58 0.0000
1.59 0.0000
1.60 145.7760
1.61 145.7760
1.62 145.7760
1.63 144.2057
1.64 143.1683
1.65 142.6524
1.66 140.6072
1.67 140.1005
1.68 139.5956
1.69 135.6216
1.70 135.6216
1.71 135.6216
1.72 136.1121
1.73 136.1121
1.74 136.1121
1.75 135.6216
1.76 134.6459
1.77 133.6772
1.78 133.1955
1.79 133.1955
1.80 132.7155
1.81 131.7607
1.82 131.2859
1.83 130.8128
1.84 129.8717
1.85 129.8717
1.86 129.4037
1.87 128.9373
1.88 128.9373
1.89 127.5484
1.90 126.1745
1.91 122.5825
1.92 122.5825
1.93 121.2621
1.94 0.0000
1.95 0.0000
1.96 0.0000
1.97 0.0000
1.98 0.0000
1.99 0.0000
2.00 0.0000
2.01 0.0000
2.02 0.0000
2.03 0.0000
2.04 0.0000
2.05 0.0000
2.06 0.0000
2.07 0.0000
2.08 0.0000
2.09 0.0000
2.10 0.0000
2.11 0.0000
2.12 0.0000
2.13 126.1745
2.14 126.1745
2.15 126.1745
2.16 125.2667
2.17 124.8153
2.18 122.5825
2.19 121.2621
2.20 121.2621
2.21 121.2621
2.22 121.2621
2.23 121.2621
2.24 121.2621
2.25 121.2621
2.26 120.3897
2.27 119.0929
2.28 118.6637
2.29 118.2361
2.30 118.2361
2.31 117.8100
2.32 117.8100
2.33 116.5409
2.34 115.7025
2.35 115.7025
2.36 115.2856
2.37 112.8152
2.38 112.4087
2.39 112.4087
2.40 112.4087
2.41 112.0036
2.42 110.7971
2.43 110.7971
2.44 110.7971
2.45 110.7971
2.46 110.3978
2.47 110.0000
2.48 110.0000
2.49 110.0000
2.50 110.0000
2.51 109.6036
2.52 109.6036
2.53 109.6036
2.54 0.0000
2.55 0.0000
2.56 0.0000
2.57 0.0000
2.58 0.0000
2.59 0.0000
2.60 0.0000
2.61 0.0000
2.62 0.0000
2.63 0.0000
2.64 110.3978
2.65 110.3978
2.66 110.3978
2.67 113.2232
2.68 113.2232
2.69 114.0437
2.70 115.2856
2.71 115.2856
2.72 116.1210
2.73 116.5409
2.74 119.0929
2.75 120.8251
2.76 121.2621
2.77 122.5825
2.78 122.5825
2.79 125.7198
2.80 126.1745
2.81 127.0888
2.82 127.0888
2.83 127.0888
2.84 127.0888
2.85 127.0888
2.86 127.0888
2.87 0.0000
2.88 0.0000
2.89 0.0000
2.90 0.0000
2.91 0.0000
2.92 0.0000
2.93 0.0000
2.94 0.0000
2.95 0.0000
2.96 0.0000
2.97 0.0000
2.98 0.0000
2.99 0.0000
3.00 0.0000
3.01 0.0000
3.02 0.0000
3.03 0.0000
3.04 0.0000
3.05 0.0000
3.06 0.0000
3.07 0.0000
3.08 0.0000
3.09 0.0000
3.10 0.0000
3.11 0.0000
3.12 0.0000
3.13 0.0000
3.14 0.0000
3.15 0.0000
3.16 0.0000
3.17 0.0000
3.18 0.0000
3.19 0.0000
3.20 0.0000
3.21 0.0000
3.22 0.0000
3.23 0.0000
3.24 0.0000
3.25 0.0000
3.26 0.0000
3.27 0.0000
3.28 0.0000
3.29 0.0000
3.30 0.0000
3.31 0.0000
3.32 0.0000
3.33 0.0000
3.34 128.4727
3.35 128.4727
3.36 128.9373
3.37 128.9373
3.38 128.9373
3.39 128.9373
3.40 128.9373
3.41 0.0000
3.42 0.0000
3.43 0.0000
3.44 0.0000
3.45 0.0000
3.46 0.0000
3.47 0.0000
3.48 0.0000
3.49 0.0000
3.50 0.0000
3.51 0.0000
3.52 0.0000
3.53 121.2621
3.54 121.2621
3.55 121.2621
3.56 120.8251
3.57 120.3897
3.58 119.0929
3.59 119.0929
3.60 116.5409
3.61 116.5409
3.62 116.5409
3.63 116.5409
3.64 120.8251
3.65 121.2621
3.66 123.0259
3.67 125.7198
3.68 127.0888
3.69 127.5484
3.70 128.0097
3.71 128.4727
3.72 128.4727
3.73 128.4727
3.74 128.0097
3.75 128.0097
3.76 127.0888
3.77 125.7198
3.78 124.3655
3.79 123.0259
3.80 122.1408
3.81 121.2621
3.82 121.2621
3.83 120.3897
3.84 119.9559
3.85 119.9559
3.86 119.9559
3.87 119.9559
3.88 119.9559
3.89 120.3897
3.90 121.2621
3.91 121.7006
3.92 122.5825
3.93 126.1745
3.94 128.4727
3.95 128.4727
3.96 129.8717
3.97 130.8128
3.98 130.8128
3.99 130.8128
4.00 0.0000
4.01 0.0000
4.02 0.0000
4.03 0.0000
4.04 0.0000
4.05 0.0000
4.06 0.0000
4.07 0.0000
4.08 0.0000
4.09 0.0000
4.10 0.0000
4.11 0.0000
4.12 0.0000
4.13 0.0000
4.14 0.0000
4.15 0.0000
4.16 0.0000
4.17 0.0000
4.18 0.0000
4.19 0.0000
4.20 0.0000
4.21 0.0000
4.22 0.0000
4.23 0.0000
4.24 0.0000
4.25 0.0000
4.26 0.0000
4.27 0.0000
4.28 0.0000
4.29 0.0000
4.30 0.0000
4.31 0.0000
4.32 0.0000
4.33 0.0000
4.34 0.0000
4.35 0.0000
4.36 0.0000
4.37 0.0000
4.38 0.0000
4.39 0.0000
4.40 0.0000
4.41 0.0000
4.42 0.0000
4.43 0.0000
4.44 0.0000
4.45 0.0000
4.46 0.0000
4.47 0.0000
4.48 0.0000
4.49 0.0000
4.50 0.0000
4.51 0.0000
4.52 0.0000
4.53 0.0000
4.54 0.0000
4.55 0.0000
4.56 0.0000
4.57 123.4708
4.58 124.3655
4.59 128.4727
4.60 128.9373
4.61 130.8128
4.62 134.6459
4.63 137.0984
4.64 137.0984
4.65 137.0984
4.66 137.0984
4.67 136.1121
4.68 135.6216
4.69 135.1329
4.70 133.6772
4.71 132.2372
4.72 130.8128
4.73 129.8717
4.74 129.4037
4.75 128.4727
4.76 126.6308
4.77 125.2667
4.78 122.5825
4.79 122.1408
4.80 120.8251
4.81 119.0929
4.82 116.1210
4.83 112.8152
4.84 0.0000
4.85 0.0000
4.86 0.0000
4.87 0.0000
4.88 0.0000
4.89 0.0000
4.90 0.0000
4.91 0.0000
4.92 0.0000
4.93 0.0000
4.94 0.0000
4.95 113.2232
4.96 113.2232
4.97 113.2232
4.98 110.0000
4.99 108.0322
5.00 108.0322
5.01 108.0322
5.02 104.5785
5.03 104.5785
5.04 102.7078
5.05 102.7078
5.06 102.7078
5.07 102.7078
5.08 102.7078
5.09 103.0792
5.10 103.8262
5.11 104.5785
5.12 104.9568
5.13 108.0322
5.14 108.0322
5.15 108.0322
5.16 108.0322
5.17 0.0000
5.18 0.0000
5.19 0.0000
5.20 0.0000
5.21 0.0000
5.22 0.0000
5.23 0.0000
5.24 0.0000
5.25 0.0000
5.26 0.0000
5.27 0.0000
5.28 0.0000
5.29 0.0000
5.30 0.0000
5.31 0.0000
5.32 0.0000
5.33 0.0000
5.34 0.0000
5.35 0.0000
5.36 0.0000
5.37 0.0000
5.38 0.0000
5.39 0.0000
5.40 0.0000
5.41 0.0000
5.42 0.0000
5.43 0.0000
5.44 0.0000
5.45 0.0000
5.46 0.0000
5.47 0.0000
5.48 0.0000
5.49 0.0000
5.50 0.0000
5.51 0.0000
5.52 0.0000
5.53 0.0000
5.54 0.0000
5.55 0.0000
5.56 0.0000
5.57 0.0000
5.58 0.0000
5.59 0.0000
5.60 0.0000
5.61 0.0000
5.62 0.0000
5.63 0.0000
5.64 0.0000
5.65 0.0000
5.66 0.0000
5.67 0.0000
5.68 0.0000
5.69 0.0000
5.70 0.0000
5.71 0.0000
5.72 0.0000
5.73 0.0000
5.74 0.0000
5.75 0.0000
5.76 0.0000
5.77 0.0000
5.78 0.0000
5.79 0.0000
5.80 0.0000
5.81 0.0000
5.82 0.0000
5.83 128.4727
5.84 128.4727
5.85 128.4727
5.86 128.4727
5.87 128.4727
5.88 128.4727
5.89 128.4727
5.90 128.4727
5.91 130.8128
5.92 130.8128
5.93 132.7155
5.94 132.7155
5.95 132.7155
5.96 132.2372
5.97 131.2859
5.98 131.2859
5.99 130.8128
6.00 130.3414
6.01 129.4037
6.02 128.9373
6.03 128.9373
6.04 128.0097
6.05 128.0097
6.06 128.0097
6.07 126.1745
6.08 0.0000
6.09 0.0000
6.10 0.0000
6.11 0.0000
6.12 0.0000
6.13 0.0000
6.14 0.0000
6.15 0.0000
6.16 0.0000
6.17 0.0000
6.18 0.0000
6.19 0.0000
6.20 0.0000
6.21 0.0000
6.22 0.0000
6.23 0.0000
6.24 129.4037
6.25 129.4037
6.26 129.4037
6.27 128.9373
6.28 128.4727
6.29 128.4727
6.30 0.0000
6.31 0.0000
6.32 0.0000
6.33 0.0000
6.34 0.0000
6.35 0.0000
6.36 0.0000
6.37 128.4727
6.38 128.4727
6.39 128.4727
6.40 128.4727
6.41 128.4727
6.42 126.6308
6.43 125.2667
6.44 124.8153
6.45 124.3655
6.46 123.0259
6.47 122.5825
6.48 122.5825
6.49 122.5825
6.50 122.1408
6.51 122.1408
6.52 121.2621
6.53 120.8251
6.54 0.0000
6.55 0.0000
6.56 0.0000
6.57 0.0000
6.58 0.0000
6.59 0.0000
6.60 0.0000
6.61 0.0000
6.62 0.0000
6.63 0.0000
6.64 0.0000
6.65 0.0000
6.66 0.0000
6.67 0.0000
6.68 120.8251
6.69 120.8251
6.70 120.8251
6.71 120.8251
6.72 120.8251
6.73 120.8251
6.74 120.8251
6.75 121.2621
6.76 122.5825
6.77 123.0259
6.78 123.4708
6.79 124.3655
6.80 125.7198
6.81 125.7198
6.82 125.7198
6.83 125.7198
6.84 125.2667
6.85 125.2667
6.86 125.2667
6.87 124.8153
6.88 123.0259
6.89 122.5825
6.90 120.8251
6.91 120.8251
6.92 120.8251
6.93 120.3897
6.94 119.0929
6.95 118.6637
6.96 115.2856
6.97 114.4562
6.98 112.8152
6.99 112.4087
7.00 112.4087
7.01 112.0036
7.02 112.0036
7.03 112.0036
7.04 112.0036
7.05 112.4087
7.06 112.8152
7.07 113.2232
7.08 115.7025
7.09 115.7025
7.10 115.7025
7.11 115.7025
7.12 0.0000
7.13 0.0000
7.14 0.0000
7.15 0.0000
7.16 0.0000
7.17 0.0000
7.18 0.0000
7.19 0.0000
7.20 0.0000
7.21 0.0000
7.22 0.0000
7.23 0.0000
7.24 0.0000
7.25 0.0000
7.26 0.0000
7.27 0.0000
7.28 0.0000
7.29 0.0000
7.30 0.0000
7.31 0.0000
7.32 0.0000
7.33 0.0000
7.34 0.0000
7.35 0.0000
7.36 0.0000
7.37 0.0000
7.38 0.0000
7.39 0.0000
7.40 0.0000
7.41 0.0000
7.42 0.0000
7.43 0.0000
7.44 0.0000
7.45 0.0000
7.46 0.0000
7.47 0.0000
7.48 0.0000
7.49 0.0000
7.50 0.0000
7.51 0.0000
7.52 0.0000
7.53 0.0000
7.54 0.0000
7.55 0.0000
7.56 0.0000
7.57 0.0000
7.58 0.0000
7.59 0.0000
7.60 0.0000
7.61 0.0000
7.62 0.0000
7.63 0.0000
7.64 0.0000
7.65 0.0000
7.66 0.0000
7.67 0.0000
7.68 0.0000
7.69 0.0000
7.70 0.0000
7.71 0.0000
7.72 0.0000
7.73 0.0000
7.74 0.0000
7.75 125.2667
7.76 125.2667
7.77 125.7198
7.78 125.7198
7.79 127.0888
7.80 128.0097
7.81 128.0097
7.82 128.0097
7.83 127.5484
7.84 127.0888
7.85 126.6308
7.86 126.1745
7.87 126.1745
7.88 126.1745
7.89 126.1745
7.90 126.6308
7.91 126.6308
7.92 126.6308
7.93 126.1745
7.94 125.7198
7.95 0.0000
7.96 0.0000
7.97 0.0000
7.98 0.0000
7.99 0.0000
8.00 0.0000
8.01 0.0000
8.02 0.0000
8.03 0.0000
8.04 0.0000
8.05 0.0000
8.06 0.0000
8.07 129.4037
8.08 129.4037
8.09 129.4037
8.10 128.9373
8.11 127.0888
8.12 127.0888
8.13 127.0888
8.14 127.5484
8.15 128.0097
8.16 128.0097
8.17 128.4727
8.18 128.4727
8.19 128.4727
8.20 128.4727
8.21 127.5484
8.22 127.0888
8.23 127.0888
8.24 126.6308
8.25 126.6308
8.26 115.7025
8.27 109.6036
8.28 109.6036
8.29 109.6036
8.30 108.0322
8.31 106.8685
8.32 106.8685
8.33 106.8685
8.34 106.8685
8.35 106.8685
8.36 106.8685
8.37 106.8685
8.38 104.9568
8.39 104.5785
8.40 104.5785
8.41 104.5785
8.42 0.0000
8.43 0.0000
8.44 0.0000
8.45 0.0000
8.46 0.0000
8.47 0.0000
8.48 0.0000
8.49 0.0000
8.50 0.0000
8.51 0.0000
8.52 0.0000
8.53 0.0000
8.54 0.0000
8.55 0.0000
8.56 0.0000
8.57 0.0000
8.58 0.0000
8.59 0.0000
8.60 0.0000
8.61 0.0000
8.62 0.0000
8.63 0.0000
8.64 0.0000
8.65 0.0000
8.66 0.0000
8.67 0.0000
8.68 0.0000
8.69 0.0000
8.70 0.0000
8.71 0.0000
8.72 0.0000
8.73 0.0000
8.74 0.0000
8.75 0.0000
8.76 0.0000
8.77 0.0000
8.78 0.0000
8.79 0.0000
8.80 0.0000
8.81 0.0000
8.82 0.0000
8.83 0.0000
8.84 0.0000
8.85 0.0000
8.86 0.0000
8.87 0.0000
8.88 0.0000
8.89 0.0000
8.90 0.0000
8.91 0.0000
8.92 0.0000
8.93 0.0000
8.94 0.0000
8.95 0.0000
8.96 0.0000
8.97 0.0000
8.98 0.0000
8.99 0.0000
9.00 0.0000
9.01 0.0000
9.02 0.0000
9.03 0.0000
9.04 0.0000
9.05 0.0000
9.06 0.0000
9.07 0.0000
9.08 0.0000
9.09 0.0000
9.10 0.0000
9.11 0.0000
9.12 0.0000
9.13 0.0000
9.14 0.0000
9.15 0.0000
9.16 0.0000
9.17 0.0000
9.18 0.0000
9.19 0.0000
9.20 0.0000
9.21 0.0000
9.22 0.0000
9.23 0.0000
9.24 0.0000
9.25 0.0000
9.26 0.0000
9.27 0.0000
9.28 0.0000
9.29 0.0000
9.30 0.0000
9.31 0.0000
9.32 0.0000
9.33 0.0000
9.34 0.0000
9.35 0.0000
9.36 0.0000
9.37 139.0926
9.38 139.0926
9.39 139.0926
9.40 139.0926
9.41 137.5943
9.42 137.5943
9.43 137.0984
9.44 132.7155
9.45 132.2372
9.46 129.4037
9.47 128.9373
9.48 128.9373
9.49 128.9373
9.50 115.7025
9.51 115.7025
9.52 115.7025
9.53 115.7025
9.54 115.7025
9.55 115.7025
9.56 119.0929
9.57 119.0929
9.58 119.0929
9.59 0.0000
9.60 0.0000
9.61 0.0000
9.62 0.0000
9.63 0.0000
9.64 0.0000
9.65 0.0000
9.66 0.0000
9.67 0.0000
9.68 0.0000
9.69 0.0000
9.70 0.0000
9.71 0.0000
9.72 0.0000
9.73 0.0000
9.74 0.0000
9.75 0.0000
9.76 0.0000
9.77 0.0000
9.78 0.0000
9.79 0.0000
9.80 0.0000
9.81 0.0000
9.82 0.0000
9.83 0.0000
9.84 0.0000
9.85 0.0000
9.86 0.0000
9.87 0.0000
9.88 0.0000
9.89 0.0000
9.90 0.0000
9.91 0.0000
9.92 0.0000
9.93 0.0000
9.94 0.0000
9.95 0.0000
9.96 0.0000
9.97 0.0000
9.98 0.0000
9.99 0.0000
10.00 0.0000
10.01 0.0000
10.02 0.0000
10.03 0.0000
10.04 0.0000
10.05 0.0000
10.06 0.0000
10.07 0.0000
10.08 0.0000
10.09 0.0000
10.10 0.0000
10.11 0.0000
10.12 0.0000
10.13 0.0000
10.14 0.0000
10.15 0.0000
10.16 0.0000
10.17 0.0000
10.18 0.0000
10.19 0.0000
10.20 0.0000
10.21 0.0000
10.22 0.0000
10.23 0.0000
10.24 0.0000
10.25 0.0000
10.26 0.0000
10.27 0.0000
10.28 0.0000
10.29 0.0000
10.30 0.0000
10.31 0.0000
10.32 0.0000
10.33 0.0000
10.34 0.0000
10.35 0.0000
10.36 0.0000
10.37 0.0000
10.38 0.0000
10.39 0.0000
10.40 0.0000
10.41 0.0000
10.42 0.0000
10.43 0.0000
10.44 0.0000
10.45 0.0000
10.46 0.0000
10.47 0.0000
10.48 0.0000
10.49 0.0000
10.50 0.0000
10.51 0.0000
10.52 0.0000
10.53 0.0000
10.54 0.0000
10.55 0.0000
10.56 0.0000
10.57 0.0000
10.58 0.0000
10.59 0.0000
10.60 0.0000
10.61 0.0000
10.62 0.0000
10.63 0.0000
10.64 0.0000
10.65 0.0000
10.66 0.0000
10.67 0.0000
10.68 0.0000
10.69 0.0000
10.70 0.0000
10.71 0.0000
10.72 0.0000
10.73 0.0000
10.74 0.0000
10.75 0.0000
10.76 0.0000
10.77 0.0000
10.78 0.0000
10.79 0.0000
10.80 0.0000
10.81 0.0000
10.82 0.0000
10.83 0.0000
10.84 0.0000
10.85 0.0000
10.86 0.0000
10.87 0.0000
10.88 0.0000
10.89 0.0000
10.90 0.0000
10.91 0.0000
10.92 0.0000
10.93 0.0000
10.94 0.0000
10.95 0.0000
10.96 0.0000
10.97 0.0000
10.98 0.0000
10.99 0.0000
11.00 0.0000
11.01 0.0000
11.02 0.0000
11.03 0.0000
11.04 0.0000
11.05 0.0000
11.06 0.0000
11.07 0.0000
11.08 0.0000
11.09 0.0000
11.10 0.0000
11.11 0.0000
11.12 0.0000
11.13 0.0000
11.14 0.0000
11.15 0.0000
11.16 0.0000
11.17 0.0000
11.18 0.0000
11.19 0.0000
11.20 0.0000
11.21 0.0000
11.22 0.0000
11.23 0.0000
11.24 0.0000
11.25 0.0000
11.26 0.0000
11.27 0.0000
11.28 0.0000
11.29 0.0000
11.30 0.0000
11.31 0.0000
11.32 0.0000
11.33 0.0000
11.34 0.0000
11.35 0.0000
11.36 0.0000
11.37 0.0000
11.38 0.0000
11.39 0.0000
11.40 0.0000
11.41 0.0000
11.42 0.0000
11.43 0.0000
11.44 0.0000
11.45 0.0000
11.46 0.0000
11.47 0.0000
11.48 0.0000
11.49 0.0000
11.50 0.0000
11.51 0.0000
11.52 0.0000
11.53 0.0000
11.54 0.0000
11.55 0.0000
11.56 0.0000
11.57 0.0000
11.58 0.0000
11.59 0.0000
11.60 0.0000
11.61 0.0000
11.62 0.0000
11.63 0.0000
11.64 0.0000
11.65 0.0000
11.66 0.0000
11.67 0.0000
11.68 0.0000
11.69 0.0000
11.70 0.0000
11.71 0.0000
11.72 0.0000
11.73 0.0000
11.74 0.0000
11.75 0.0000
11.76 0.0000
11.77 0.0000
11.78 145.7760
11.79 147.3634
11.80 151.1349
11.81 154.4443
11.82 160.1219
11.83 163.6281
11.84 166.6085
11.85 168.4227
11.86 168.4227
11.87 168.4227
11.88 166.6085
11.89 165.4099
11.90 165.4099
11.91 160.1219
11.92 157.8262
11.93 157.8262
11.94 157.2575
11.95 157.2575
11.96 157.2575
11.97 167.8158
11.98 168.4227
11.99 168.4227
12.00 168.4227
12.01 167.8158
12.02 167.2111
12.03 167.2111
12.04 166.6085
12.05 166.0081
12.06 163.6281
12.07 161.2822
12.08 160.1219
12.09 160.1219
12.10 160.1219
12.11 160.1219
12.12 159.5448
12.13 159.5448
12.14 158.9699
12.15 157.2575
12.16 154.4443
12.17 151.6815
12.18 146.8324
12.19 142.1383
12.20 135.6216
12.21 0.0000
12.22 0.0000
12.23 0.0000
12.24 0.0000
12.25 0.0000
12.26 0.0000
12.27 0.0000
12.28 0.0000
12.29 0.0000
12.30 152.7807
12.31 152.7807
12.32 152.7807
12.33 152.7807
12.34 152.7807
12.35 152.7807
12.36 152.7807
12.37 153.3332
12.38 153.3332
12.39 153.8878
12.40 156.6908
12.41 157.8262
12.42 158.9699
12.43 158.9699
12.44 158.9699
12.45 157.2575
12.46 155.0029
12.47 153.3332
12.48 150.0476
12.49 147.8964
12.50 145.7760
12.51 143.6861
12.52 142.6524
12.53 139.5956
12.54 137.0984
12.55 135.6216
12.56 133.6772
12.57 131.7607
12.58 130.8128
12.59 128.0097
12.60 125.7198
12.61 121.2621
12.62 119.0929
12.63 118.6637
12.64 117.3854
12.65 116.5409
12.66 116.5409
12.67 116.1210
12.68 115.7025
12.69 112.4087
12.70 0.0000
12.71 0.0000
12.72 0.0000
12.73 0.0000
12.74 0.0000
12.75 0.0000
12.76 0.0000
12.77 0.0000
12.78 0.0000
12.79 0.0000
12.80 0.0000
12.81 0.0000
12.82 0.0000
12.83 0.0000
12.84 103.4520
12.85 103.8262
12.86 103.8262
12.87 103.8262
12.88 106.8685
12.89 106.8685
12.90 108.0322
12.91 108.0322
12.92 110.0000
12.93 110.3978
12.94 110.3978
12.95 110.3978
12.96 0.0000
12.97 0.0000
12.98 0.0000
12.99 0.0000
13.00 0.0000
13.01 0.0000
13.02 0.0000
13.03 0.0000
13.04 0.0000
13.05 0.0000
13.06 0.0000
13.07 0.0000
13.08 0.0000
13.09 0.0000
13.10 0.0000
13.11 0.0000
13.12 0.0000
13.13 0.0000
13.14 0.0000
13.15 0.0000
13.16 113.2232
13.17 115.2856
13.18 115.7025
13.19 115.7025
13.20 119.0929
13.21 121.2621
13.22 125.2667
13.23 128.4727
13.24 130.8128
13.25 130.8128
13.26 139.0926
13.27 139.5956
13.28 140.1005
13.29 145.2507
13.30 146.3033
13.31 146.3033
13.32 146.3033
13.33 145.7760
13.34 145.2507
13.35 144.7273
13.36 142.6524
13.37 139.5956
13.38 137.5943
13.39 135.1329
13.40 132.7155
13.41 130.8128
13.42 129.8717
13.43 128.4727
13.44 126.1745
13.45 122.5825
13.46 122.5825
13.47 121.2621
13.48 115.2856
13.49 110.0000
13.50 109.6036
13.51 109.6036
13.52 109.6036
13.53 107.6429
13.54 107.6429
13.55 107.6429
13.56 107.6429
13.57 107.6429
13.58 107.6429
13.59 106.8685
13.60 106.8685
13.61 106.8685
13.62 108.0322
13.63 108.0322
13.64 110.0000
13.65 110.0000
13.66 112.8152
13.67 115.2856
13.68 116.1210
13.69 116.5409
13.70 119.0929
13.71 122.5825
13.72 122.5825
13.73 122.5825
13.74 122.1408
13.75 121.2621
13.76 120.8251
13.77 119.9559
13.78 119.5236
13.79 119.0929
13.80 118.6637
13.81 118.2361
13.82 118.2361
13.83 118.2361
13.84 118.2361
13.85 117.8100
13.86 117.8100
13.87 117.8100
13.88 116.5409
13.89 116.5409
13.90 115.7025
13.91 115.7025
13.92 115.7025
13.93 0.0000
13.94 0.0000
13.95 0.0000
13.96 0.0000
13.97 0.0000
13.98 0.0000
13.99 0.0000
14.00 0.0000
14.01 0.0000
14.02 118.6637
14.03 118.6637
14.04 118.6637
14.05 114.8701
14.06 114.4562
14.07 113.2232
14.08 112.8152
14.09 112.8152
14.10 112.4087
14.11 110.0000
14.12 110.0000
14.13 110.0000
14.14 110.0000
14.15 110.0000
14.16 110.0000
14.17 110.0000
14.18 110.0000
14.19 109.6036
14.20 109.6036
14.21 109.6036
14.22 109.6036
14.23 109.6036
14.24 108.0322
14.25 108.0322
14.26 106.8685
14.27 106.8685
14.28 106.8685
14.29 106.4834
14.30 106.0997
14.31 106.0997
14.32 106.0997
14.33 106.0997
14.34 106.0997
14.35 106.0997
14.36 106.8685
14.37 106.8685
14.38 106.8685
14.39 106.8685
14.40 108.0322
14.41 108.0322
14.42 108.0322
14.43 0.0000
14.44 0.0000
14.45 0.0000
14.46 0.0000
14.47 0.0000
14.48 0.0000
14.49 0.0000
14.50 0.0000
14.51 0.0000
14.52 0.0000
14.53 0.0000
14.54 0.0000
14.55 0.0000
14.56 0.0000
14.57 0.0000
14.58 0.0000
14.59 0.0000
14.60 0.0000
14.61 0.0000
14.62 0.0000
14.63 0.0000
14.64 0.0000
14.65 0.0000
14.66 0.0000
14.67 0.0000
14.68 0.0000
14.69 0.0000
14.70 0.0000
14.71 0.0000
14.72 0.0000
14.73 0.0000
14.74 0.0000
14.75 0.0000
14.76 0.0000
14.77 0.0000
14.78 0.0000
14.79 0.0000
14.80 0.0000
14.81 0.0000
14.82 0.0000
14.83 0.0000
14.84 119.0929
14.85 119.0929
14.86 119.0929
14.87 115.2856
14.88 113.2232
14.89 113.2232
14.90 113.2232
14.91 113.2232
14.92 113.2232
14.93 113.2232
14.94 112.8152
14.95 0.0000
14.96 0.0000
14.97 0.0000
14.98 0.0000
14.99 0.0000
15.00 0.0000
15.01 0.0000
15.02 0.0000
15.03 0.0000
15.04 0.0000
15.05 0.0000
15.06 105.7173
15.07 105.7173
15.08 105.7173
15.09 0.0000
15.10 0.0000
15.11 0.0000
15.12 0.0000
15.13 0.0000
15.14 0.0000
15.15 0.0000
15.16 0.0000
15.17 0.0000
15.18 0.0000
15.19 0.0000
15.20 0.0000
15.21 0.0000
15.22 0.0000
15.23 0.0000
15.24 0.0000
15.25 0.0000
15.26 0.0000
15.27 0.0000
15.28 0.0000
15.29 0.0000
15.30 0.0000
15.31 0.0000
15.32 0.0000
15.33 0.0000
15.34 0.0000
15.35 0.0000
15.36 0.0000
15.37 0.0000
15.38 0.0000
15.39 0.0000
15.40 0.0000
15.41 0.0000
15.42 0.0000
15.43 0.0000
15.44 0.0000
15.45 0.0000
15.46 0.0000
15.47 0.0000
15.48 0.0000
15.49 0.0000
15.50 0.0000
15.51 0.0000
15.52 0.0000
15.53 0.0000
15.54 0.0000
15.55 0.0000
15.56 0.0000
15.57 0.0000
15.58 0.0000
15.59 0.0000
15.60 0.0000
15.61 0.0000
15.62 0.0000
15.63 0.0000
15.64 0.0000
15.65 0.0000
15.66 0.0000
15.67 0.0000
15.68 0.0000
15.69 0.0000
15.70 0.0000
15.71 0.0000
15.72 0.0000
15.73 0.0000
15.74 0.0000
15.75 0.0000
15.76 0.0000
15.77 0.0000
15.78 0.0000
15.79 0.0000
15.80 0.0000
15.81 0.0000
15.82 0.0000
15.83 0.0000
15.84 0.0000
15.85 0.0000
15.86 0.0000
15.87 0.0000
15.88 0.0000
15.89 0.0000
15.90 0.0000
15.91 0.0000
15.92 0.0000
15.93 0.0000
15.94 0.0000
15.95 0.0000
15.96 0.0000
15.97 0.0000
15.98 0.0000
15.99 0.0000
16.00 0.0000
16.01 0.0000
16.02 0.0000
16.03 0.0000
16.04 0.0000
16.05 0.0000
16.06 0.0000
16.07 0.0000
16.08 0.0000
16.09 0.0000
16.10 0.0000
16.11 0.0000
16.12 0.0000
16.13 0.0000
16.14 0.0000
16.15 0.0000
16.16 0.0000
16.17 0.0000
16.18 0.0000
16.19 0.0000
16.20 0.0000
16.21 0.0000
16.22 0.0000
16.23 0.0000
16.24 0.0000
16.25 0.0000
16.26 0.0000
16.27 0.0000
16.28 0.0000
16.29 0.0000
16.30 0.0000
16.31 0.0000
16.32 0.0000
16.33 0.0000
16.34 0.0000
16.35 0.0000
16.36 0.0000
16.37 0.0000
16.38 0.0000
16.39 0.0000
16.40 0.0000
16.41 0.0000
16.42 0.0000
