0.00 0.0000
0.01 0.0000
0.02 0.0000
0.03 0.0000
0.04 0.0000
0.05 0.0000
0.06 0.0000
0.07 0.0000
0.08 0.0000
0.09 0.0000
0.10 0.0000
0.11 0.0000
0.12 0.0000
0.13 0.0000
0.14 0.0000
0.15 0.0000
0.16 0.0000
0.17 0.0000
0.18 0.0000
0.19 0.0000
0.20 0.0000
0.21 0.0000
0.22 0.0000
0.23 0.0000
0.24 0.0000
0.25 0.0000
0.26 0.0000
0.27 0.0000
0.28 0.0000
0.29 0.0000
0.30 0.0000
0.31 0.0000
0.32 0.0000
0.33 0.0000
0.34 0.0000
0.35 0.0000
0.36 0.0000
0.37 0.0000
0.38 0.0000
0.39 0.0000
0.40 0.0000
0.41 0.0000
0.42 0.0000
0.43 0.0000
0.44 0.0000
0.45 0.0000
0.46 0.0000
0.47 0.0000
0.48 0.0000
0.49 0.0000
0.50 0.0000
0.51 0.0000
0.52 0.0000
0.53 0.0000
0.54 0.0000
0.55 0.0000
0.56 0.0000
0.57 0.0000
0.58 0.0000
0.59 0.0000
0.60 0.0000
0.61 0.0000
0.62 0.0000
0.63 0.0000
0.64 0.0000
0.65 0.0000
0.66 0.0000
0.67 0.0000
0.68 0.0000
0.69 0.0000
0.70 0.0000
0.71 0.0000
0.72 0.0000
0.73 0.0000
0.74 0.0000
0.75 0.0000
0.76 0.0000
0.77 0.0000
0.78 0.0000
0.79 0.0000
0.80 0.0000
0.81 0.0000
0.82 0.0000
0.83 0.0000
0.84 0.0000
0.85 0.0000
0.86 0.0000
0.87 0.0000
0.88 0.0000
0.89 0.0000
0.90 0.0000
0.91 0.0000
0.92 0.0000
0.93 0.0000
0.94 0.0000
0.95 0.0000
0.96 0.0000
0.97 0.0000
0.98 0.0000
0.99 0.0000
1.00 0.0000
1.01 0.0000
1.02 0.0000
1.03 0.0000
1.04 0.0000
1.05 0.0000
1.06 0.0000
1.07 0.0000
1.08 0.0000
1.09 0.0000
1.10 0.0000
1.11 0.0000
1.12 0.0000
1.13 0.0000
1.14 0.0000
1.15 0.0000
1.16 0.0000
1.17 0.0000
1.18 0.0000
1.19 0.0000
1.20 0.0000
1.21 0.0000
1.22 0.0000
1.23 0.0000
1.24 0.0000
1.25 0.0000
1.26 0.0000
1.27 0.0000
1.28 0.0000
1.29 0.0000
1.30 0.0000
1.31 0.0000
1.32 0.0000
1.33 0.0000
1.34 0.0000
1.35 0.0000
1.36 0.0000
1.37 0.0000
1.38 0.0000
1.39 0.0000
1.40 0.0000
1.41 0.0000
1.42 0.0000
1.43 0.0000
1.44 0.0000
1.45 0.0000
1.46 0.0000
1.47 0.0000
1.48 0.0000
1.49 0.0000
1.50 0.0000
1.51 0.0000
1.52 0.0000
1.53 0.0000
1.54 0.0000
1.55 0.0000
1.56 0.0000
1.57 0.0000
1.58 0.0000
1.59 143.1683
1.60 143.1683
1.61 143.1683
1.62 142.6524
1.63 137.0984
1.64 135.1329
1.65 135.1329
1.66 135.1329
1.67 135.1329
1.68 135.1329
1.69 132.7155
1.70 132.2372
1.71 132.2372
1.72 130.8128
1.73 129.4037
1.74 129.4037
1.75 129.4037
1.76 129.4037
1.77 129.4037
1.78 128.9373
1.79 128.9373
1.80 128.4727
1.81 127.0888
1.82 126.6308
1.83 126.1745
1.84 126.1745
1.85 126.1745
1.86 125.7198
1.87 125.2667
1.88 125.2667
1.89 125.2667
1.90 125.2667
1.91 125.2667
1.92 125.2667
1.93 125.2667
1.94 125.2667
1.95 125.2667
1.96 131.2859
1.97 134.6459
1.98 135.1329
1.99 137.0984
2.00 137.0984
2.01 137.0984
2.02 137.0984
2.03 135.6216
2.04 135.1329
2.05 132.7155
2.06 132.7155
2.07 132.2372
2.08 131.2859
2.09 130.8128
2.10 129.8717
2.11 129.4037
2.12 128.9373
2.13 128.9373
2.14 128.4727
2.15 128.4727
2.16 0.0000
2.17 0.0000
2.18 0.0000
2.19 0.0000
2.20 0.0000
2.21 0.0000
2.22 132.2372
2.23 132.2372
2.24 132.2372
2.25 130.3414
2.26 129.4037
2.27 128.9373
2.28 128.4727
2.29 128.4727
2.30 128.4727
2.31 128.4727
2.32 127.5484
2.33 127.0888
2.34 126.6308
2.35 126.6308
2.36 126.6308
2.37 126.6308
2.38 126.1745
2.39 125.7198
2.40 125.2667
2.41 124.8153
2.42 124.3655
2.43 123.9174
2.44 123.9174
2.45 123.9174
2.46 123.9174
2.47 123.9174
2.48 124.3655
2.49 124.3655
2.50 124.3655
2.51 124.3655
2.52 124.3655
2.53 123.9174
2.54 123.0259
2.55 122.5825
2.56 121.2621
2.57 119.5236
2.58 118.6637
2.59 118.6637
2.60 118.2361
2.61 0.0000
2.62 0.0000
2.63 0.0000
2.64 0.0000
2.65 0.0000
2.66 0.0000
2.67 0.0000
2.68 0.0000
2.69 0.0000
2.70 0.0000
2.71 0.0000
2.72 0.0000
2.73 0.0000
2.74 0.0000
2.75 0.0000
2.76 0.0000
2.77 0.0000
2.78 0.0000
2.79 0.0000
2.80 0.0000
2.81 0.0000
2.82 0.0000
2.83 0.0000
2.84 0.0000
2.85 0.0000
2.86 0.0000
2.87 0.0000
2.88 0.0000
2.89 0.0000
2.90 0.0000
2.91 0.0000
2.92 0.0000
2.93 0.0000
2.94 0.0000
2.95 0.0000
2.96 0.0000
2.97 0.0000
2.98 0.0000
2.99 0.0000
3.00 0.0000
3.01 0.0000
3.02 0.0000
3.03 0.0000
3.04 0.0000
3.05 0.0000
3.06 0.0000
3.07 0.0000
3.08 0.0000
3.09 0.0000
3.10 0.0000
3.11 0.0000
3.12 0.0000
3.13 0.0000
3.14 0.0000
3.15 0.0000
3.16 0.0000
3.17 0.0000
3.18 0.0000
3.19 0.0000
3.20 0.0000
3.21 0.0000
3.22 0.0000
3.23 0.0000
3.24 0.0000
3.25 0.0000
3.26 0.0000
3.27 0.0000
3.28 0.0000
3.29 0.0000
3.30 0.0000
3.31 0.0000
3.32 0.0000
3.33 0.0000
3.34 0.0000
3.35 0.0000
3.36 0.0000
3.37 0.0000
3.38 0.0000
3.39 0.0000
3.40 0.0000
3.41 0.0000
3.42 0.0000
3.43 0.0000
3.44 0.0000
3.45 0.0000
3.46 0.0000
3.47 0.0000
3.48 0.0000
3.49 0.0000
3.50 0.0000
3.51 0.0000
3.52 0.0000
3.53 0.0000
3.54 0.0000
3.55 0.0000
3.56 0.0000
3.57 0.0000
3.58 0.0000
3.59 0.0000
3.60 0.0000
3.61 0.0000
3.62 0.0000
3.63 0.0000
3.64 0.0000
3.65 0.0000
3.66 0.0000
3.67 0.0000
3.68 0.0000
3.69 0.0000
3.70 0.0000
3.71 0.0000
3.72 0.0000
3.73 0.0000
3.74 0.0000
3.75 0.0000
3.76 0.0000
3.77 0.0000
3.78 0.0000
3.79 0.0000
3.80 0.0000
3.81 0.0000
3.82 0.0000
3.83 0.0000
3.84 0.0000
3.85 0.0000
3.86 0.0000
3.87 0.0000
3.88 0.0000
3.89 0.0000
3.90 0.0000
3.91 0.0000
3.92 0.0000
3.93 0.0000
3.94 0.0000
3.95 0.0000
3.96 0.0000
3.97 0.0000
3.98 0.0000
3.99 0.0000
4.00 0.0000
4.01 0.0000
4.02 0.0000
4.03 0.0000
4.04 0.0000
4.05 0.0000
4.06 0.0000
4.07 0.0000
4.08 0.0000
4.09 0.0000
4.10 0.0000
4.11 0.0000
4.12 0.0000
4.13 0.0000
4.14 0.0000
4.15 0.0000
4.16 0.0000
4.17 0.0000
4.18 0.0000
4.19 0.0000
4.20 0.0000
4.21 0.0000
4.22 0.0000
4.23 0.0000
4.24 0.0000
4.25 0.0000
4.26 0.0000
4.27 0.0000
4.28 0.0000
4.29 0.0000
4.30 0.0000
4.31 0.0000
4.32 0.0000
4.33 0.0000
4.34 0.0000
4.35 0.0000
4.36 0.0000
4.37 0.0000
4.38 0.0000
4.39 0.0000
4.40 0.0000
4.41 0.0000
4.42 0.0000
4.43 0.0000
4.44 0.0000
4.45 0.0000
4.46 0.0000
4.47 0.0000
4.48 0.0000
4.49 0.0000
4.50 0.0000
4.51 0.0000
4.52 0.0000
4.53 0.0000
4.54 0.0000
4.55 0.0000
4.56 0.0000
4.57 0.0000
4.58 0.0000
4.59 0.0000
4.60 0.0000
4.61 0.0000
4.62 0.0000
4.63 0.0000
4.64 0.0000
4.65 0.0000
4.66 0.0000
4.67 0.0000
4.68 0.0000
4.69 0.0000
4.70 0.0000
4.71 0.0000
4.72 0.0000
4.73 0.0000
4.74 0.0000
4.75 0.0000
4.76 0.0000
4.77 0.0000
4.78 0.0000
4.79 0.0000
4.80 0.0000
4.81 0.0000
4.82 0.0000
4.83 0.0000
4.84 0.0000
4.85 0.0000
4.86 0.0000
4.87 0.0000
4.88 0.0000
4.89 0.0000
4.90 0.0000
4.91 0.0000
4.92 0.0000
4.93 0.0000
4.94 0.0000
4.95 0.0000
4.96 0.0000
4.97 0.0000
4.98 0.0000
4.99 0.0000
5.00 0.0000
5.01 141.1157
5.02 141.1157
5.03 141.1157
5.04 141.1157
5.05 140.1005
5.06 139.5956
5.07 139.5956
5.08 136.1121
5.09 133.6772
5.10 128.4727
5.11 0.0000
5.12 0.0000
5.13 0.0000
5.14 0.0000
5.15 0.0000
5.16 0.0000
5.17 0.0000
5.18 0.0000
5.19 0.0000
5.20 0.0000
5.21 0.0000
5.22 0.0000
5.23 0.0000
5.24 0.0000
5.25 0.0000
5.26 0.0000
5.27 0.0000
5.28 0.0000
5.29 0.0000
5.30 0.0000
5.31 0.0000
5.32 0.0000
5.33 0.0000
5.34 0.0000
5.35 0.0000
5.36 0.0000
5.37 0.0000
5.38 0.0000
5.39 0.0000
5.40 0.0000
5.41 0.0000
5.42 0.0000
5.43 0.0000
5.44 0.0000
5.45 0.0000
5.46 0.0000
5.47 0.0000
5.48 0.0000
5.49 0.0000
5.50 0.0000
5.51 0.0000
5.52 0.0000
5.53 0.0000
5.54 0.0000
5.55 0.0000
5.56 0.0000
5.57 0.0000
