0.00 0.0000
0.01 0.0000
0.02 0.0000
0.03 0.0000
0.04 0.0000
0.05 0.0000
0.06 0.0000
0.07 0.0000
0.08 0.0000
0.09 0.0000
0.10 0.0000
0.11 0.0000
0.12 0.0000
0.13 0.0000
0.14 0.0000
0.15 0.0000
0.16 0.0000
0.17 0.0000
0.18 0.0000
0.19 0.0000
0.20 0.0000
0.21 0.0000
0.22 0.0000
0.23 0.0000
0.24 0.0000
0.25 0.0000
0.26 0.0000
0.27 0.0000
0.28 0.0000
0.29 0.0000
0.30 0.0000
0.31 0.0000
0.32 0.0000
0.33 0.0000
0.34 0.0000
0.35 0.0000
0.36 0.0000
0.37 0.0000
0.38 0.0000
0.39 0.0000
0.40 0.0000
0.41 0.0000
0.42 0.0000
0.43 0.0000
0.44 0.0000
0.45 0.0000
0.46 0.0000
0.47 0.0000
0.48 0.0000
0.49 0.0000
0.50 0.0000
0.51 0.0000
0.52 0.0000
0.53 0.0000
0.54 0.0000
0.55 0.0000
0.56 0.0000
0.57 0.0000
0.58 0.0000
0.59 0.0000
0.60 0.0000
0.61 0.0000
0.62 0.0000
0.63 0.0000
0.64 0.0000
0.65 0.0000
0.66 0.0000
0.67 0.0000
0.68 0.0000
0.69 0.0000
0.70 0.0000
0.71 0.0000
0.72 0.0000
0.73 0.0000
0.74 0.0000
0.75 0.0000
0.76 0.0000
0.77 0.0000
0.78 0.0000
0.79 0.0000
0.80 0.0000
0.81 0.0000
0.82 0.0000
0.83 0.0000
0.84 0.0000
0.85 0.0000
0.86 0.0000
0.87 0.0000
0.88 0.0000
0.89 0.0000
0.90 0.0000
0.91 0.0000
0.92 0.0000
0.93 0.0000
0.94 0.0000
0.95 0.0000
0.96 0.0000
0.97 0.0000
0.98 0.0000
0.99 0.0000
1.00 0.0000
1.01 0.0000
1.02 122.5825
1.03 122.5825
1.04 122.5825
1.05 121.2621
1.06 121.2621
1.07 118.6637
1.08 118.6637
1.09 116.5409
1.10 115.7025
1.11 115.7025
1.12 115.7025
1.13 115.7025
1.14 115.7025
1.15 110.0000
1.16 110.0000
1.17 110.0000
1.18 110.0000
1.19 110.0000
1.20 110.0000
1.21 110.0000
1.22 110.0000
1.23 110.0000
1.24 110.0000
1.25 109.6036
1.26 109.6036
1.27 109.6036
1.28 109.6036
1.29 109.6036
1.30 109.6036
1.31 109.6036
1.32 123.4708
1.33 123.4708
1.34 123.4708
1.35 123.4708
1.36 123.4708
1.37 122.5825
1.38 122.5825
1.39 122.5825
1.40 121.2621
1.41 121.2621
1.42 119.0929
1.43 115.7025
1.44 112.8152
1.45 110.7971
1.46 0.0000
1.47 0.0000
1.48 0.0000
1.49 0.0000
1.50 0.0000
1.51 0.0000
1.52 0.0000
1.53 0.0000
1.54 0.0000
1.55 0.0000
1.56 0.0000
1.57 0.0000
1.58 0.0000
1.59 0.0000
1.60 0.0000
1.61 0.0000
1.62 0.0000
1.63 0.0000
1.64 0.0000
1.65 0.0000
1.66 0.0000
1.67 0.0000
1.68 0.0000
1.69 0.0000
1.70 103.0792
1.71 103.0792
1.72 103.0792
1.73 103.0792
1.74 103.0792
1.75 103.0792
1.76 103.8262
1.77 103.8262
1.78 108.0322
1.79 108.0322
1.80 108.0322
1.81 108.0322
1.82 107.6429
1.83 107.6429
1.84 106.8685
1.85 106.0997
1.86 0.0000
1.87 0.0000
1.88 0.0000
1.89 0.0000
1.90 0.0000
1.91 0.0000
1.92 0.0000
1.93 0.0000
1.94 0.0000
1.95 0.0000
1.96 0.0000
1.97 0.0000
1.98 0.0000
1.99 0.0000
2.00 0.0000
2.01 0.0000
2.02 0.0000
2.03 0.0000
2.04 0.0000
2.05 0.0000
2.06 0.0000
2.07 0.0000
2.08 0.0000
2.09 0.0000
2.10 0.0000
2.11 0.0000
2.12 110.0000
2.13 110.0000
2.14 110.0000
2.15 110.0000
2.16 110.0000
2.17 102.7078
2.18 102.7078
2.19 102.7078
2.20 102.7078
2.21 102.7078
2.22 102.7078
2.23 102.7078
2.24 102.7078
2.25 103.0792
2.26 104.9568
2.27 105.7173
2.28 105.7173
2.29 105.7173
2.30 0.0000
2.31 0.0000
2.32 0.0000
2.33 0.0000
2.34 0.0000
2.35 0.0000
2.36 0.0000
2.37 0.0000
2.38 0.0000
2.39 0.0000
2.40 0.0000
2.41 0.0000
2.42 0.0000
2.43 0.0000
2.44 0.0000
2.45 0.0000
2.46 0.0000
2.47 0.0000
2.48 0.0000
2.49 0.0000
2.50 0.0000
2.51 0.0000
2.52 0.0000
2.53 0.0000
2.54 0.0000
2.55 0.0000
2.56 0.0000
2.57 0.0000
2.58 0.0000
2.59 0.0000
2.60 0.0000
2.61 0.0000
2.62 0.0000
2.63 0.0000
2.64 0.0000
2.65 0.0000
2.66 0.0000
2.67 0.0000
2.68 0.0000
2.69 0.0000
2.70 0.0000
2.71 0.0000
2.72 0.0000
2.73 0.0000
2.74 0.0000
2.75 0.0000
2.76 0.0000
2.77 0.0000
2.78 0.0000
2.79 0.0000
2.80 0.0000
2.81 0.0000
2.82 0.0000
2.83 0.0000
2.84 0.0000
2.85 0.0000
2.86 0.0000
2.87 0.0000
2.88 0.0000
2.89 0.0000
2.90 0.0000
2.91 0.0000
2.92 0.0000
2.93 0.0000
2.94 0.0000
2.95 0.0000
2.96 0.0000
2.97 0.0000
2.98 0.0000
2.99 0.0000
3.00 0.0000
3.01 0.0000
3.02 0.0000
3.03 0.0000
3.04 0.0000
3.05 0.0000
3.06 0.0000
3.07 0.0000
3.08 0.0000
3.09 0.0000
3.10 0.0000
3.11 0.0000
3.12 0.0000
3.13 0.0000
3.14 0.0000
3.15 0.0000
3.16 0.0000
3.17 0.0000
3.18 0.0000
3.19 0.0000
3.20 0.0000
3.21 0.0000
3.22 0.0000
3.23 0.0000
3.24 0.0000
3.25 0.0000
3.26 0.0000
3.27 0.0000
3.28 0.0000
3.29 0.0000
3.30 0.0000
3.31 0.0000
3.32 0.0000
3.33 0.0000
3.34 0.0000
3.35 0.0000
3.36 0.0000
3.37 0.0000
3.38 0.0000
3.39 0.0000
3.40 0.0000
3.41 0.0000
3.42 0.0000
3.43 0.0000
3.44 0.0000
3.45 0.0000
3.46 0.0000
3.47 0.0000
3.48 0.0000
3.49 0.0000
3.50 0.0000
3.51 0.0000
3.52 0.0000
3.53 0.0000
3.54 0.0000
3.55 0.0000
3.56 0.0000
3.57 0.0000
3.58 0.0000
3.59 0.0000
3.60 0.0000
3.61 0.0000
3.62 0.0000
3.63 0.0000
3.64 0.0000
3.65 0.0000
3.66 0.0000
3.67 0.0000
3.68 0.0000
3.69 0.0000
3.70 0.0000
3.71 0.0000
