0.00 0.0000
0.01 0.0000
0.02 0.0000
0.03 0.0000
0.04 0.0000
0.05 0.0000
0.06 0.0000
0.07 0.0000
0.08 0.0000
0.09 0.0000
0.10 0.0000
0.11 0.0000
0.12 0.0000
0.13 0.0000
0.14 0.0000
0.15 0.0000
0.16 0.0000
0.17 0.0000
0.18 0.0000
0.19 0.0000
0.20 0.0000
0.21 0.0000
0.22 0.0000
0.23 0.0000
0.24 0.0000
0.25 0.0000
0.26 0.0000
0.27 0.0000
0.28 0.0000
0.29 0.0000
0.30 0.0000
0.31 0.0000
0.32 0.0000
0.33 0.0000
0.34 0.0000
0.35 0.0000
0.36 0.0000
0.37 0.0000
0.38 0.0000
0.39 0.0000
0.40 0.0000
0.41 0.0000
0.42 0.0000
0.43 0.0000
0.44 0.0000
0.45 0.0000
0.46 0.0000
0.47 0.0000
0.48 0.0000
0.49 0.0000
0.50 0.0000
0.51 0.0000
0.52 0.0000
0.53 0.0000
0.54 0.0000
0.55 0.0000
0.56 0.0000
0.57 0.0000
0.58 0.0000
0.59 0.0000
0.60 0.0000
0.61 0.0000
0.62 0.0000
0.63 0.0000
0.64 0.0000
0.65 0.0000
0.66 0.0000
0.67 0.0000
0.68 0.0000
0.69 0.0000
0.70 0.0000
0.71 0.0000
0.72 0.0000
0.73 0.0000
0.74 0.0000
0.75 0.0000
0.76 0.0000
0.77 0.0000
0.78 0.0000
0.79 0.0000
0.80 0.0000
0.81 0.0000
0.82 0.0000
0.83 0.0000
0.84 0.0000
0.85 0.0000
0.86 0.0000
0.87 0.0000
0.88 0.0000
0.89 0.0000
0.90 0.0000
0.91 0.0000
0.92 0.0000
0.93 0.0000
0.94 0.0000
0.95 0.0000
0.96 0.0000
0.97 0.0000
0.98 0.0000
0.99 0.0000
1.00 0.0000
1.01 0.0000
1.02 0.0000
1.03 0.0000
1.04 0.0000
1.05 0.0000
1.06 0.0000
1.07 170.8725
1.08 170.8725
1.09 170.8725
1.10 171.4905
1.11 171.4905
1.12 172.1107
1.13 172.7332
1.14 172.7332
1.15 173.3579
1.16 174.6141
1.17 174.6141
1.18 175.2456
1.19 175.8794
1.20 176.5155
1.21 177.1539
1.22 177.7946
1.23 178.4377
1.24 180.3807
1.25 181.0331
1.26 181.0331
1.27 181.0331
1.28 181.0331
1.29 181.0331
1.30 181.0331
1.31 181.0331
1.32 180.3807
1.33 180.3807
1.34 179.7307
1.35 179.7307
1.36 179.0830
1.37 179.0830
1.38 178.4377
1.39 178.4377
1.40 178.4377
1.41 178.4377
1.42 179.0830
1.43 179.0830
1.44 179.7307
1.45 180.3807
1.46 180.3807
1.47 180.3807
1.48 180.3807
1.49 179.7307
1.50 0.0000
1.51 0.0000
1.52 0.0000
1.53 0.0000
1.54 0.0000
1.55 0.0000
1.56 0.0000
1.57 0.0000
1.58 0.0000
1.59 0.0000
1.60 0.0000
1.61 0.0000
1.62 207.6523
1.63 207.6523
1.64 208.4034
1.65 208.4034
1.66 209.1571
1.67 209.1571
1.68 209.1571
1.69 209.1571
1.70 209.9135
1.71 210.6727
1.72 212.1993
1.73 214.5100
1.74 216.8459
1.75 217.6302
1.76 217.6302
1.77 218.4173
1.78 220.0000
1.79 222.3956
1.80 222.3956
1.81 226.4465
1.82 231.4050
1.83 237.3274
1.84 242.5242
1.85 242.5242
1.86 244.2816
1.87 244.2816
1.88 244.2816
1.89 243.4013
1.90 243.4013
1.91 243.4013
1.92 242.5242
1.93 242.5242
1.94 242.5242
1.95 242.5242
1.96 242.5242
1.97 243.4013
1.98 243.4013
1.99 243.4013
2.00 243.4013
2.01 244.2816
2.02 244.2816
2.03 244.2816
2.04 244.2816
2.05 244.2816
2.06 244.2816
2.07 244.2816
2.08 244.2816
2.09 244.2816
2.10 244.2816
2.11 244.2816
2.12 244.2816
2.13 245.1651
2.14 245.1651
2.15 245.1651
2.16 246.0518
2.17 247.8348
2.18 247.8348
2.19 248.7311
2.20 248.7311
2.21 249.6307
2.22 249.6307
2.23 249.6307
2.24 248.7311
2.25 248.7311
2.26 247.8348
2.27 247.8348
2.28 246.9417
2.29 246.9417
2.30 246.9417
2.31 246.9417
2.32 246.9417
2.33 246.9417
2.34 246.9417
2.35 246.9417
2.36 246.9417
2.37 247.8348
2.38 247.8348
2.39 247.8348
2.40 246.9417
2.41 246.9417
2.42 246.9417
2.43 246.9417
2.44 246.9417
2.45 246.9417
2.46 246.9417
2.47 246.0518
2.48 241.6502
2.49 241.6502
2.50 240.7794
2.51 239.9117
2.52 239.9117
2.53 239.9117
2.54 239.9117
2.55 239.9117
2.56 240.7794
2.57 243.4013
2.58 245.1651
2.59 245.1651
2.60 245.1651
2.61 245.1651
2.62 244.2816
2.63 244.2816
2.64 243.4013
2.65 242.5242
2.66 241.6502
2.67 241.6502
2.68 241.6502
2.69 241.6502
2.70 241.6502
2.71 242.5242
2.72 242.5242
2.73 242.5242
2.74 242.5242
2.75 243.4013
2.76 243.4013
2.77 245.1651
2.78 246.9417
2.79 248.7311
2.80 248.7311
2.81 249.6307
2.82 249.6307
2.83 249.6307
2.84 248.7311
2.85 248.7311
2.86 248.7311
2.87 248.7311
2.88 249.6307
2.89 250.5335
2.90 254.1776
2.91 256.9454
2.92 260.6828
2.93 264.4745
2.94 271.2432
2.95 273.2087
2.96 278.1851
2.97 279.1912
2.98 279.1912
2.99 279.1912
3.00 278.1851
3.01 278.1851
3.02 278.1851
3.03 276.1838
3.04 274.1968
3.05 272.2242
3.06 271.2432
3.07 267.3544
3.08 265.4310
3.09 262.5718
3.10 256.0195
3.11 254.1776
3.12 254.1776
3.13 253.2616
3.14 252.3490
3.15 250.5335
3.16 248.7311
3.17 248.7311
3.18 246.0518
3.19 245.1651
3.20 244.2816
3.21 244.2816
3.22 244.2816
3.23 244.2816
3.24 244.2816
3.25 245.1651
3.26 245.1651
3.27 245.1651
3.28 243.4013
3.29 0.0000
3.30 0.0000
3.31 0.0000
3.32 0.0000
3.33 0.0000
3.34 0.0000
3.35 0.0000
3.36 0.0000
3.37 0.0000
3.38 0.0000
3.39 0.0000
3.40 0.0000
3.41 206.1584
3.42 206.1584
3.43 206.1584
3.44 206.9040
3.45 206.9040
3.46 206.9040
3.47 207.6523
3.48 208.4034
3.49 208.4034
3.50 209.1571
3.51 211.4347
3.52 211.4347
3.53 212.1993
3.54 212.9668
3.55 212.9668
3.56 212.9668
3.57 212.9668
3.58 212.1993
3.59 212.1993
3.60 212.1993
3.61 211.4347
3.62 210.6727
3.63 209.1571
3.64 207.6523
3.65 206.1584
3.66 204.6753
3.67 201.0139
3.68 198.1320
3.69 195.9977
3.70 195.2914
3.71 193.1877
3.72 179.7307
3.73 179.0830
3.74 178.4377
3.75 178.4377
3.76 178.4377
3.77 178.4377
3.78 179.0830
3.79 179.7307
3.80 180.3807
3.81 181.0331
3.82 181.0331
3.83 181.6878
3.84 182.3449
3.85 182.3449
3.86 182.3449
3.87 182.3449
3.88 183.0044
3.89 183.0044
3.90 183.6663
3.91 184.3305
3.92 184.9972
3.93 185.6663
3.94 185.6663
3.95 185.6663
3.96 185.6663
3.97 185.6663
3.98 185.6663
3.99 185.6663
4.00 185.6663
4.01 184.9972
4.02 184.9972
4.03 184.3305
4.04 184.3305
4.05 183.0044
4.06 182.3449
4.07 181.6878
4.08 179.7307
4.09 177.1539
4.10 176.5155
4.11 176.5155
4.12 176.5155
4.13 177.7946
4.14 179.7307
4.15 182.3449
4.16 182.3449
4.17 183.0044
4.18 183.6663
4.19 183.6663
4.20 183.6663
4.21 183.6663
4.22 183.0044
4.23 183.0044
4.24 183.0044
4.25 183.0044
4.26 183.0044
4.27 183.0044
4.28 183.0044
4.29 183.0044
4.30 183.0044
4.31 183.0044
4.32 183.0044
4.33 183.0044
4.34 184.3305
4.35 184.3305
4.36 184.9972
4.37 184.9972
4.38 184.9972
4.39 184.9972
4.40 184.9972
4.41 184.9972
4.42 184.9972
4.43 184.9972
4.44 184.9972
4.45 184.9972
4.46 184.9972
4.47 184.9972
4.48 184.9972
4.49 184.9972
4.50 184.9972
4.51 184.9972
4.52 184.9972
4.53 184.9972
4.54 184.9972
4.55 184.3305
4.56 184.3305
4.57 184.3305
4.58 184.3305
4.59 184.3305
4.60 184.9972
4.61 184.9972
4.62 184.9972
4.63 184.9972
4.64 185.6663
4.65 185.6663
4.66 185.6663
4.67 184.9972
4.68 0.0000
4.69 0.0000
4.70 0.0000
4.71 0.0000
4.72 0.0000
4.73 0.0000
4.74 0.0000
4.75 0.0000
4.76 0.0000
4.77 207.6523
4.78 207.6523
4.79 208.4034
4.80 208.4034
4.81 208.4034
4.82 208.4034
4.83 209.1571
4.84 209.9135
4.85 211.4347
4.86 212.1993
4.87 214.5100
4.88 216.8459
4.89 217.6302
4.90 220.0000
4.91 221.5942
4.92 222.3956
4.93 224.0072
4.94 224.8174
4.95 225.6305
4.96 248.7311
4.97 249.6307
4.98 249.6307
4.99 250.5335
5.00 251.4396
5.01 252.3490
5.02 252.3490
5.03 252.3490
5.04 253.2616
5.05 253.2616
5.06 253.2616
5.07 253.2616
5.08 252.3490
5.09 251.4396
5.10 250.5335
5.11 250.5335
5.12 249.6307
5.13 249.6307
5.14 249.6307
5.15 249.6307
5.16 250.5335
5.17 250.5335
5.18 250.5335
5.19 249.6307
5.20 249.6307
5.21 249.6307
5.22 249.6307
5.23 248.7311
5.24 247.8348
5.25 246.0518
5.26 245.1651
5.27 0.0000
5.28 0.0000
5.29 0.0000
5.30 0.0000
5.31 0.0000
5.32 0.0000
5.33 0.0000
5.34 0.0000
5.35 0.0000
5.36 0.0000
5.37 0.0000
5.38 0.0000
5.39 0.0000
5.40 0.0000
5.41 0.0000
5.42 0.0000
5.43 0.0000
5.44 0.0000
5.45 0.0000
5.46 0.0000
5.47 0.0000
5.48 0.0000
5.49 0.0000
5.50 0.0000
5.51 0.0000
5.52 0.0000
5.53 0.0000
5.54 0.0000
5.55 0.0000
5.56 0.0000
5.57 0.0000
5.58 0.0000
5.59 0.0000
5.60 0.0000
5.61 0.0000
5.62 0.0000
5.63 0.0000
5.64 0.0000
5.65 0.0000
5.66 0.0000
5.67 0.0000
5.68 0.0000
5.69 0.0000
5.70 0.0000
5.71 0.0000
5.72 0.0000
5.73 0.0000
5.74 0.0000
5.75 248.7311
5.76 248.7311
5.77 248.7311
5.78 248.7311
5.79 247.8348
5.80 246.0518
5.81 245.1651
5.82 245.1651
5.83 244.2816
5.84 244.2816
5.85 244.2816
5.86 244.2816
5.87 244.2816
5.88 244.2816
5.89 245.1651
5.90 245.1651
5.91 245.1651
5.92 245.1651
5.93 245.1651
5.94 245.1651
5.95 245.1651
5.96 246.0518
5.97 246.0518
5.98 246.9417
5.99 246.9417
6.00 246.9417
6.01 247.8348
6.02 247.8348
6.03 247.8348
6.04 247.8348
6.05 248.7311
6.06 249.6307
6.07 250.5335
6.08 254.1776
6.09 259.7434
6.10 264.4745
6.11 270.2657
6.12 272.2242
6.13 283.2521
6.14 283.2521
6.15 283.2521
6.16 283.2521
6.17 283.2521
6.18 282.2314
6.19 281.2143
6.20 276.1838
6.21 276.1838
6.22 274.1968
6.23 272.2242
6.24 270.2657
6.25 266.3910
6.26 263.5214
6.27 261.6256
6.28 259.7434
6.29 257.8747
6.30 256.9454
6.31 256.0195
6.32 254.1776
6.33 253.2616
6.34 253.2616
6.35 250.5335
6.36 249.6307
6.37 248.7311
6.38 247.8348
6.39 247.8348
6.40 247.8348
6.41 247.8348
6.42 246.9417
6.43 246.0518
6.44 245.1651
6.45 0.0000
6.46 0.0000
6.47 0.0000
6.48 0.0000
6.49 0.0000
6.50 0.0000
6.51 0.0000
6.52 0.0000
6.53 0.0000
6.54 0.0000
6.55 0.0000
6.56 213.7370
6.57 213.7370
6.58 214.5100
6.59 214.5100
6.60 214.5100
6.61 215.2859
6.62 216.8459
6.63 217.6302
6.64 217.6302
6.65 218.4173
6.66 218.4173
6.67 218.4173
6.68 218.4173
6.69 217.6302
6.70 217.6302
6.71 217.6302
6.72 217.6302
6.73 217.6302
6.74 217.6302
6.75 217.6302
6.76 217.6302
6.77 217.6302
6.78 217.6302
6.79 217.6302
6.80 216.8459
6.81 216.0645
6.82 212.1993
6.83 211.4347
6.84 209.1571
6.85 208.4034
6.86 206.1584
6.87 201.0139
6.88 195.2914
6.89 184.9972
6.90 176.5155
6.91 174.6141
6.92 172.7332
6.93 172.7332
6.94 172.7332
6.95 173.3579
6.96 174.6141
6.97 175.2456
6.98 175.8794
6.99 175.8794
7.00 176.5155
7.01 176.5155
7.02 177.1539
7.03 177.7946
7.04 178.4377
7.05 178.4377
7.06 179.7307
7.07 180.3807
7.08 181.6878
7.09 182.3449
7.10 183.0044
7.11 184.3305
7.12 184.9972
7.13 185.6663
7.14 185.6663
7.15 185.6663
7.16 185.6663
7.17 184.9972
7.18 184.9972
7.19 184.9972
7.20 184.9972
7.21 184.9972
7.22 184.9972
7.23 184.3305
7.24 184.3305
7.25 184.3305
7.26 184.3305
7.27 184.9972
7.28 184.9972
7.29 184.9972
7.30 184.9972
7.31 185.6663
7.32 186.3378
7.33 187.6881
7.34 189.0481
7.35 189.7318
7.36 190.4180
7.37 191.1067
7.38 191.7979
7.39 191.7979
7.40 191.7979
7.41 191.7979
7.42 191.7979
7.43 191.7979
7.44 191.1067
7.45 190.4180
7.46 190.4180
7.47 190.4180
7.48 190.4180
7.49 190.4180
7.50 190.4180
7.51 191.1067
7.52 191.1067
7.53 191.7979
7.54 191.7979
7.55 191.7979
7.56 191.7979
7.57 191.7979
7.58 190.4180
7.59 189.7318
7.60 189.0481
7.61 188.3669
7.62 188.3669
7.63 187.6881
7.64 187.6881
7.65 187.6881
7.66 187.0117
7.67 187.0117
7.68 187.0117
7.69 187.0117
7.70 187.0117
7.71 187.0117
7.72 187.0117
7.73 187.0117
7.74 187.0117
7.75 187.6881
7.76 188.3669
7.77 188.3669
7.78 188.3669
7.79 187.0117
7.80 0.0000
7.81 0.0000
7.82 0.0000
7.83 0.0000
7.84 0.0000
7.85 0.0000
7.86 0.0000
7.87 0.0000
7.88 0.0000
7.89 217.6302
7.90 218.4173
7.91 218.4173
7.92 219.2072
7.93 220.0000
7.94 220.7957
7.95 221.5942
7.96 222.3956
7.97 223.2000
7.98 224.0072
7.99 224.8174
8.00 225.6305
8.01 226.4465
8.02 228.9123
8.03 229.7402
8.04 233.0819
8.05 237.3274
8.06 249.6307
8.07 249.6307
8.08 250.5335
8.09 253.2616
8.10 253.2616
8.11 253.2616
8.12 253.2616
8.13 252.3490
8.14 252.3490
8.15 252.3490
8.16 251.4396
8.17 251.4396
8.18 251.4396
8.19 251.4396
8.20 251.4396
8.21 251.4396
8.22 251.4396
8.23 251.4396
8.24 251.4396
8.25 251.4396
8.26 251.4396
8.27 251.4396
8.28 251.4396
8.29 251.4396
8.30 251.4396
8.31 251.4396
8.32 251.4396
8.33 250.5335
8.34 249.6307
8.35 248.7311
8.36 247.8348
8.37 0.0000
8.38 0.0000
8.39 0.0000
8.40 0.0000
8.41 0.0000
8.42 0.0000
8.43 0.0000
8.44 0.0000
8.45 0.0000
8.46 0.0000
8.47 0.0000
8.48 0.0000
8.49 0.0000
8.50 0.0000
8.51 0.0000
8.52 0.0000
8.53 0.0000
8.54 0.0000
8.55 0.0000
8.56 0.0000
8.57 0.0000
8.58 0.0000
8.59 0.0000
8.60 0.0000
8.61 0.0000
8.62 0.0000
8.63 0.0000
8.64 0.0000
8.65 0.0000
8.66 0.0000
8.67 0.0000
8.68 0.0000
8.69 0.0000
8.70 0.0000
8.71 0.0000
8.72 0.0000
8.73 0.0000
8.74 0.0000
8.75 0.0000
8.76 0.0000
8.77 0.0000
8.78 0.0000
8.79 0.0000
8.80 0.0000
8.81 0.0000
8.82 0.0000
8.83 0.0000
8.84 0.0000
8.85 0.0000
8.86 0.0000
8.87 0.0000
8.88 0.0000
8.89 0.0000
8.90 0.0000
8.91 0.0000
8.92 0.0000
8.93 0.0000
8.94 0.0000
8.95 212.9668
8.96 213.7370
8.97 213.7370
8.98 213.7370
8.99 215.2859
9.00 216.0645
9.01 216.8459
9.02 216.8459
9.03 217.6302
9.04 217.6302
9.05 217.6302
9.06 217.6302
9.07 217.6302
9.08 218.4173
9.09 218.4173
9.10 220.0000
9.11 220.0000
9.12 220.7957
9.13 220.7957
9.14 220.7957
9.15 220.7957
9.16 220.0000
9.17 219.2072
9.18 218.4173
9.19 217.6302
9.20 216.8459
9.21 211.4347
9.22 208.4034
9.23 206.1584
9.24 197.4180
9.25 192.4916
9.26 179.7307
9.27 179.7307
9.28 179.7307
9.29 180.3807
9.30 181.0331
9.31 181.6878
9.32 182.3449
9.33 183.0044
9.34 183.0044
9.35 183.6663
9.36 184.3305
9.37 184.9972
9.38 184.9972
9.39 185.6663
9.40 185.6663
9.41 186.3378
9.42 186.3378
9.43 187.0117
9.44 187.0117
9.45 187.0117
9.46 187.0117
9.47 187.0117
9.48 187.0117
9.49 187.0117
9.50 187.0117
9.51 187.0117
9.52 187.0117
9.53 187.0117
9.54 187.0117
9.55 187.0117
9.56 187.0117
9.57 186.3378
9.58 186.3378
9.59 186.3378
9.60 186.3378
9.61 185.6663
9.62 185.6663
9.63 185.6663
9.64 185.6663
9.65 186.3378
9.66 187.0117
9.67 187.0117
9.68 187.6881
9.69 187.6881
9.70 187.6881
9.71 187.6881
9.72 187.6881
9.73 187.6881
9.74 187.6881
9.75 187.6881
9.76 187.6881
9.77 187.6881
9.78 187.6881
9.79 187.0117
9.80 187.0117
9.81 187.0117
9.82 187.0117
9.83 187.0117
9.84 187.0117
9.85 187.0117
9.86 187.0117
9.87 187.0117
9.88 187.0117
9.89 187.0117
9.90 187.0117
9.91 187.6881
9.92 188.3669
9.93 189.0481
9.94 189.0481
9.95 189.0481
9.96 0.0000
9.97 0.0000
9.98 0.0000
9.99 0.0000
10.00 0.0000
10.01 0.0000
10.02 0.0000
10.03 0.0000
10.04 0.0000
10.05 0.0000
10.06 0.0000
10.07 0.0000
10.08 0.0000
10.09 0.0000
10.10 0.0000
10.11 0.0000
10.12 0.0000
10.13 0.0000
10.14 0.0000
10.15 0.0000
10.16 0.0000
10.17 0.0000
10.18 0.0000
10.19 0.0000
10.20 0.0000
10.21 0.0000
10.22 0.0000
10.23 0.0000
10.24 0.0000
10.25 0.0000
10.26 0.0000
10.27 0.0000
10.28 0.0000
10.29 0.0000
10.30 0.0000
10.31 0.0000
10.32 0.0000
10.33 0.0000
10.34 0.0000
10.35 0.0000
10.36 0.0000
10.37 0.0000
10.38 0.0000
10.39 0.0000
10.40 0.0000
10.41 0.0000
10.42 0.0000
10.43 0.0000
10.44 0.0000
10.45 0.0000
10.46 0.0000
10.47 0.0000
10.48 176.5155
10.49 177.1539
10.50 177.7946
10.51 178.4377
10.52 178.4377
10.53 179.7307
10.54 181.6878
10.55 182.3449
10.56 183.0044
10.57 183.0044
10.58 183.6663
10.59 184.3305
10.60 184.9972
10.61 184.9972
10.62 184.9972
10.63 184.9972
10.64 184.9972
10.65 184.9972
10.66 184.9972
10.67 184.9972
10.68 184.9972
10.69 184.9972
10.70 184.9972
10.71 185.6663
10.72 185.6663
10.73 185.6663
10.74 185.6663
10.75 185.6663
10.76 185.6663
10.77 185.6663
10.78 185.6663
10.79 186.3378
10.80 186.3378
10.81 187.0117
10.82 187.0117
10.83 187.0117
10.84 187.0117
10.85 187.0117
10.86 187.0117
10.87 187.0117
10.88 187.0117
10.89 186.3378
10.90 0.0000
10.91 0.0000
10.92 0.0000
10.93 0.0000
10.94 0.0000
10.95 0.0000
10.96 0.0000
10.97 0.0000
10.98 0.0000
10.99 0.0000
11.00 220.0000
11.01 220.7957
11.02 220.7957
11.03 221.5942
11.04 221.5942
11.05 222.3956
11.06 222.3956
11.07 223.2000
11.08 224.8174
11.09 225.6305
11.10 225.6305
11.11 228.9123
11.12 229.7402
11.13 232.2419
11.14 233.9249
11.15 237.3274
11.16 248.7311
11.17 249.6307
11.18 250.5335
11.19 254.1776
11.20 257.8747
11.21 259.7434
11.22 259.7434
11.23 259.7434
11.24 259.7434
11.25 259.7434
11.26 259.7434
11.27 258.8073
11.28 257.8747
11.29 256.9454
11.30 256.0195
11.31 256.0195
11.32 256.0195
11.33 256.0195
11.34 256.0195
11.35 256.0195
11.36 255.0969
11.37 255.0969
11.38 255.0969
11.39 255.0969
11.40 255.0969
11.41 255.0969
11.42 255.0969
11.43 254.1776
11.44 254.1776
11.45 253.2616
11.46 253.2616
11.47 249.6307
11.48 249.6307
11.49 249.6307
11.50 249.6307
11.51 249.6307
11.52 249.6307
11.53 249.6307
11.54 250.5335
11.55 250.5335
11.56 251.4396
11.57 252.3490
11.58 252.3490
11.59 252.3490
11.60 252.3490
11.61 251.4396
11.62 251.4396
11.63 251.4396
11.64 251.4396
11.65 251.4396
11.66 252.3490
11.67 252.3490
11.68 252.3490
11.69 252.3490
11.70 252.3490
11.71 251.4396
11.72 251.4396
11.73 251.4396
11.74 251.4396
11.75 252.3490
11.76 252.3490
11.77 252.3490
11.78 252.3490
11.79 253.2616
11.80 253.2616
11.81 253.2616
11.82 252.3490
11.83 252.3490
11.84 251.4396
11.85 250.5335
11.86 249.6307
11.87 248.7311
11.88 248.7311
11.89 248.7311
11.90 248.7311
11.91 249.6307
11.92 250.5335
11.93 253.2616
11.94 254.1776
11.95 254.1776
11.96 254.1776
11.97 254.1776
11.98 254.1776
11.99 254.1776
12.00 253.2616
12.01 253.2616
12.02 253.2616
12.03 253.2616
12.04 253.2616
12.05 252.3490
12.06 252.3490
12.07 252.3490
12.08 252.3490
12.09 252.3490
12.10 252.3490
12.11 252.3490
12.12 252.3490
12.13 252.3490
12.14 252.3490
12.15 253.2616
12.16 253.2616
12.17 253.2616
12.18 253.2616
12.19 253.2616
12.20 253.2616
12.21 253.2616
12.22 253.2616
12.23 253.2616
12.24 253.2616
12.25 253.2616
12.26 254.1776
12.27 256.9454
12.28 259.7434
12.29 264.4745
12.30 270.2657
12.31 273.2087
12.32 283.2521
12.33 286.3366
12.34 286.3366
12.35 286.3366
12.36 286.3366
12.37 286.3366
12.38 285.3047
12.39 284.2766
12.40 277.1826
12.41 277.1826
12.42 277.1826
12.43 274.1968
12.44 272.2242
12.45 266.3910
12.46 265.4310
12.47 262.5718
12.48 261.6256
12.49 261.6256
12.50 260.6828
12.51 259.7434
12.52 259.7434
12.53 259.7434
12.54 258.8073
12.55 256.9454
12.56 256.9454
12.57 256.0195
12.58 255.0969
12.59 255.0969
12.60 254.1776
12.61 254.1776
12.62 254.1776
12.63 253.2616
12.64 250.5335
12.65 248.7311
12.66 0.0000
12.67 0.0000
12.68 0.0000
12.69 0.0000
12.70 0.0000
12.71 0.0000
12.72 0.0000
12.73 0.0000
12.74 0.0000
12.75 0.0000
12.76 0.0000
12.77 217.6302
12.78 217.6302
12.79 217.6302
12.80 217.6302
12.81 217.6302
12.82 217.6302
12.83 217.6302
12.84 217.6302
12.85 217.6302
12.86 218.4173
12.87 218.4173
12.88 219.2072
12.89 219.2072
12.90 220.0000
12.91 220.0000
12.92 220.7957
12.93 220.7957
12.94 220.7957
12.95 220.0000
12.96 220.0000
12.97 220.0000
12.98 219.2072
12.99 219.2072
13.00 218.4173
13.01 217.6302
13.02 206.1584
13.03 201.0139
13.04 200.2895
13.05 196.7066
13.06 192.4916
13.07 181.6878
13.08 180.3807
13.09 180.3807
13.10 180.3807
13.11 181.0331
13.12 182.3449
13.13 183.0044
13.14 184.3305
13.15 184.9972
13.16 184.9972
13.17 184.9972
13.18 184.9972
13.19 184.9972
13.20 184.9972
13.21 184.9972
13.22 184.9972
13.23 184.9972
13.24 184.3305
13.25 184.3305
13.26 184.3305
13.27 184.9972
13.28 184.9972
13.29 184.9972
13.30 186.3378
13.31 187.0117
13.32 187.6881
13.33 188.3669
13.34 188.3669
13.35 188.3669
13.36 186.3378
13.37 185.6663
13.38 184.3305
13.39 0.0000
13.40 0.0000
13.41 0.0000
13.42 0.0000
13.43 0.0000
13.44 0.0000
13.45 0.0000
13.46 0.0000
13.47 0.0000
13.48 0.0000
13.49 0.0000
13.50 0.0000
13.51 0.0000
13.52 0.0000
13.53 0.0000
13.54 0.0000
13.55 0.0000
13.56 0.0000
13.57 0.0000
13.58 0.0000
13.59 0.0000
13.60 0.0000
13.61 0.0000
13.62 0.0000
13.63 0.0000
13.64 0.0000
13.65 0.0000
13.66 0.0000
13.67 0.0000
13.68 0.0000
13.69 0.0000
13.70 0.0000
13.71 0.0000
13.72 0.0000
13.73 0.0000
13.74 0.0000
13.75 0.0000
13.76 0.0000
13.77 0.0000
13.78 0.0000
13.79 0.0000
13.80 0.0000
13.81 0.0000
13.82 0.0000
13.83 0.0000
13.84 0.0000
13.85 0.0000
13.86 0.0000
13.87 0.0000
13.88 0.0000
13.89 0.0000
13.90 0.0000
13.91 0.0000
13.92 0.0000
13.93 0.0000
13.94 0.0000
13.95 0.0000
13.96 0.0000
13.97 0.0000
13.98 0.0000
13.99 0.0000
14.00 0.0000
14.01 0.0000
14.02 0.0000
14.03 0.0000
14.04 0.0000
14.05 0.0000
14.06 0.0000
14.07 0.0000
14.08 0.0000
14.09 189.0481
14.10 189.0481
14.11 189.0481
14.12 188.3669
14.13 187.6881
14.14 187.0117
14.15 187.0117
14.16 186.3378
14.17 185.6663
14.18 185.6663
14.19 184.9972
14.20 184.9972
14.21 184.9972
14.22 184.9972
14.23 185.6663
14.24 185.6663
14.25 185.6663
14.26 185.6663
14.27 185.6663
14.28 185.6663
14.29 185.6663
14.30 186.3378
14.31 187.0117
14.32 187.0117
14.33 187.6881
14.34 187.6881
14.35 187.6881
14.36 187.6881
14.37 187.0117
14.38 187.0117
14.39 186.3378
14.40 185.6663
14.41 185.6663
14.42 184.9972
14.43 184.9972
14.44 184.9972
14.45 184.9972
14.46 184.9972
14.47 184.9972
14.48 185.6663
14.49 185.6663
14.50 186.3378
14.51 187.0117
14.52 187.0117
14.53 187.0117
14.54 187.0117
14.55 187.0117
14.56 186.3378
14.57 0.0000
14.58 0.0000
14.59 0.0000
14.60 0.0000
14.61 0.0000
14.62 0.0000
14.63 0.0000
14.64 0.0000
14.65 0.0000
14.66 212.1993
14.67 212.1993
14.68 212.9668
14.69 212.9668
14.70 212.9668
14.71 212.9668
14.72 214.5100
14.73 215.2859
14.74 216.8459
14.75 217.6302
14.76 219.2072
14.77 221.5942
14.78 222.3956
14.79 225.6305
14.80 228.9123
14.81 232.2419
14.82 234.7709
14.83 239.0471
14.84 242.5242
14.85 245.1651
14.86 249.6307
14.87 249.6307
14.88 249.6307
14.89 249.6307
14.90 249.6307
14.91 249.6307
14.92 249.6307
14.93 249.6307
14.94 249.6307
14.95 249.6307
14.96 249.6307
14.97 249.6307
14.98 249.6307
14.99 249.6307
15.00 249.6307
15.01 249.6307
15.02 250.5335
15.03 250.5335
15.04 250.5335
15.05 251.4396
15.06 251.4396
15.07 251.4396
15.08 251.4396
15.09 250.5335
15.10 250.5335
15.11 249.6307
15.12 249.6307
15.13 249.6307
15.14 248.7311
15.15 247.8348
15.16 246.9417
15.17 246.0518
15.18 244.2816
15.19 242.5242
15.20 242.5242
15.21 242.5242
15.22 243.4013
15.23 245.1651
15.24 248.7311
15.25 249.6307
15.26 250.5335
15.27 253.2616
15.28 253.2616
15.29 253.2616
15.30 253.2616
15.31 253.2616
15.32 253.2616
15.33 253.2616
15.34 253.2616
15.35 252.3490
15.36 251.4396
15.37 250.5335
15.38 250.5335
15.39 249.6307
15.40 249.6307
15.41 249.6307
15.42 249.6307
15.43 249.6307
15.44 249.6307
15.45 249.6307
15.46 249.6307
15.47 249.6307
15.48 248.7311
15.49 247.8348
15.50 0.0000
15.51 0.0000
15.52 0.0000
15.53 0.0000
15.54 0.0000
15.55 0.0000
15.56 0.0000
15.57 0.0000
15.58 0.0000
15.59 0.0000
15.60 0.0000
15.61 0.0000
15.62 0.0000
15.63 0.0000
15.64 217.6302
15.65 217.6302
15.66 217.6302
15.67 217.6302
15.68 217.6302
15.69 217.6302
15.70 217.6302
15.71 218.4173
15.72 219.2072
15.73 220.0000
15.74 220.0000
15.75 220.7957
15.76 220.7957
15.77 220.7957
15.78 220.7957
15.79 220.7957
15.80 220.7957
15.81 220.7957
15.82 220.7957
15.83 220.7957
15.84 220.0000
15.85 218.4173
15.86 218.4173
15.87 217.6302
15.88 216.0645
15.89 212.1993
15.90 210.6727
15.91 208.4034
15.92 201.0139
15.93 197.4180
15.94 193.8864
15.95 192.4916
15.96 182.3449
15.97 182.3449
15.98 181.6878
15.99 181.6878
16.00 181.6878
16.01 181.6878
16.02 181.6878
16.03 181.0331
16.04 181.0331
16.05 181.0331
16.06 181.6878
16.07 182.3449
16.08 183.0044
16.09 184.3305
16.10 184.9972
16.11 184.9972
16.12 184.9972
16.13 184.9972
16.14 184.9972
16.15 184.3305
16.16 183.6663
16.17 183.0044
16.18 183.0044
16.19 182.3449
16.20 182.3449
16.21 182.3449
16.22 183.0044
16.23 183.0044
16.24 183.0044
16.25 183.6663
16.26 183.6663
16.27 183.6663
16.28 183.6663
16.29 183.0044
16.30 182.3449
16.31 182.3449
16.32 182.3449
16.33 182.3449
16.34 182.3449
16.35 182.3449
16.36 182.3449
16.37 183.6663
16.38 184.9972
16.39 185.6663
16.40 185.6663
16.41 185.6663
16.42 184.9972
16.43 184.3305
16.44 183.6663
16.45 183.0044
16.46 183.0044
16.47 183.0044
16.48 183.0044
16.49 183.0044
16.50 183.6663
16.51 184.3305
16.52 184.9972
16.53 186.3378
16.54 186.3378
16.55 186.3378
16.56 186.3378
16.57 186.3378
16.58 185.6663
16.59 184.9972
16.60 0.0000
16.61 0.0000
16.62 0.0000
16.63 0.0000
16.64 0.0000
16.65 0.0000
16.66 0.0000
16.67 0.0000
16.68 0.0000
16.69 0.0000
16.70 0.0000
16.71 0.0000
16.72 0.0000
16.73 0.0000
16.74 0.0000
16.75 0.0000
16.76 0.0000
16.77 0.0000
16.78 0.0000
16.79 0.0000
16.80 0.0000
16.81 0.0000
16.82 0.0000
16.83 0.0000
16.84 0.0000
16.85 0.0000
16.86 0.0000
16.87 0.0000
16.88 0.0000
16.89 0.0000
16.90 0.0000
16.91 0.0000
16.92 0.0000
16.93 0.0000
16.94 0.0000
16.95 0.0000
16.96 0.0000
16.97 0.0000
16.98 0.0000
16.99 0.0000
17.00 0.0000
17.01 0.0000
17.02 0.0000
17.03 0.0000
17.04 0.0000
17.05 0.0000
17.06 0.0000
17.07 0.0000
17.08 0.0000
17.09 0.0000
17.10 0.0000
17.11 0.0000
17.12 0.0000
17.13 0.0000
17.14 0.0000
17.15 0.0000
17.16 0.0000
17.17 0.0000
17.18 0.0000
17.19 0.0000
17.20 0.0000
17.21 255.0969
17.22 255.0969
17.23 255.0969
17.24 255.0969
17.25 255.0969
17.26 255.0969
17.27 255.0969
17.28 255.0969
17.29 255.0969
17.30 254.1776
17.31 254.1776
17.32 253.2616
17.33 253.2616
17.34 253.2616
17.35 253.2616
17.36 253.2616
17.37 253.2616
17.38 254.1776
17.39 254.1776
17.40 254.1776
17.41 254.1776
17.42 254.1776
17.43 254.1776
17.44 254.1776
17.45 253.2616
17.46 253.2616
17.47 252.3490
17.48 252.3490
17.49 250.5335
17.50 250.5335
17.51 250.5335
17.52 250.5335
17.53 250.5335
17.54 251.4396
17.55 252.3490
17.56 253.2616
17.57 253.2616
17.58 253.2616
17.59 253.2616
17.60 252.3490
17.61 252.3490
17.62 251.4396
17.63 250.5335
17.64 248.7311
17.65 247.8348
17.66 244.2816
17.67 233.0819
17.68 232.2419
17.69 0.0000
17.70 0.0000
17.71 0.0000
17.72 191.1067
17.73 191.1067
17.74 191.1067
17.75 191.1067
17.76 191.1067
17.77 191.1067
17.78 191.1067
17.79 191.1067
17.80 191.1067
17.81 190.4180
17.82 189.7318
17.83 188.3669
17.84 187.6881
17.85 186.3378
17.86 186.3378
17.87 185.6663
17.88 184.9972
17.89 183.0044
17.90 182.3449
17.91 182.3449
17.92 182.3449
17.93 183.6663
17.94 184.9972
17.95 185.6663
17.96 185.6663
17.97 185.6663
17.98 186.3378
17.99 186.3378
18.00 186.3378
18.01 187.0117
18.02 187.0117
18.03 187.0117
18.04 187.0117
18.05 187.0117
18.06 187.0117
18.07 187.0117
18.08 186.3378
18.09 185.6663
18.10 185.6663
18.11 184.9972
18.12 184.9972
18.13 184.3305
18.14 184.3305
18.15 183.6663
18.16 183.0044
18.17 0.0000
18.18 0.0000
18.19 0.0000
18.20 0.0000
18.21 0.0000
18.22 0.0000
18.23 0.0000
18.24 0.0000
18.25 0.0000
18.26 0.0000
18.27 0.0000
18.28 0.0000
18.29 0.0000
18.30 0.0000
18.31 0.0000
18.32 0.0000
18.33 0.0000
18.34 0.0000
18.35 0.0000
18.36 0.0000
18.37 0.0000
18.38 0.0000
18.39 0.0000
18.40 0.0000
18.41 0.0000
18.42 0.0000
18.43 0.0000
18.44 0.0000
18.45 0.0000
18.46 0.0000
18.47 0.0000
18.48 0.0000
18.49 0.0000
18.50 0.0000
18.51 0.0000
18.52 0.0000
18.53 0.0000
18.54 0.0000
18.55 0.0000
18.56 0.0000
18.57 0.0000
18.58 0.0000
18.59 0.0000
18.60 0.0000
18.61 0.0000
18.62 0.0000
18.63 0.0000
18.64 0.0000
18.65 0.0000
18.66 0.0000
18.67 0.0000
18.68 241.6502
18.69 242.5242
18.70 244.2816
18.71 245.1651
18.72 246.0518
18.73 246.0518
18.74 246.9417
18.75 246.9417
18.76 246.9417
18.77 246.9417
18.78 246.9417
18.79 247.8348
18.80 247.8348
18.81 248.7311
18.82 249.6307
18.83 249.6307
18.84 250.5335
18.85 252.3490
18.86 253.2616
18.87 253.2616
18.88 253.2616
18.89 253.2616
18.90 253.2616
18.91 253.2616
18.92 253.2616
18.93 252.3490
18.94 252.3490
18.95 252.3490
18.96 252.3490
18.97 252.3490
18.98 252.3490
18.99 252.3490
19.00 252.3490
19.01 252.3490
19.02 252.3490
19.03 252.3490
19.04 252.3490
19.05 253.2616
19.06 253.2616
19.07 253.2616
19.08 253.2616
19.09 252.3490
19.10 252.3490
19.11 251.4396
19.12 250.5335
19.13 249.6307
19.14 248.7311
19.15 246.0518
19.16 241.6502
19.17 236.4721
19.18 235.6200
19.19 233.9249
19.20 182.3449
19.21 181.6878
19.22 181.6878
19.23 181.6878
19.24 182.3449
19.25 182.3449
19.26 183.0044
19.27 183.0044
19.28 183.0044
19.29 183.0044
19.30 183.0044
19.31 183.0044
19.32 183.0044
19.33 183.0044
19.34 183.6663
19.35 184.9972
19.36 185.6663
19.37 186.3378
19.38 187.0117
19.39 188.3669
19.40 188.3669
19.41 189.0481
19.42 189.0481
19.43 189.0481
19.44 188.3669
19.45 188.3669
19.46 187.6881
19.47 187.0117
19.48 186.3378
19.49 186.3378
19.50 185.6663
19.51 185.6663
19.52 185.6663
19.53 184.9972
19.54 184.9972
19.55 184.9972
19.56 184.9972
19.57 184.9972
19.58 184.9972
19.59 184.9972
19.60 184.9972
19.61 185.6663
19.62 185.6663
19.63 185.6663
19.64 185.6663
19.65 185.6663
19.66 185.6663
19.67 185.6663
19.68 0.0000
19.69 0.0000
19.70 0.0000
19.71 0.0000
19.72 0.0000
19.73 0.0000
19.74 0.0000
19.75 0.0000
19.76 0.0000
19.77 0.0000
19.78 0.0000
19.79 0.0000
19.80 0.0000
19.81 0.0000
19.82 0.0000
19.83 0.0000
19.84 0.0000
19.85 0.0000
19.86 0.0000
19.87 0.0000
19.88 0.0000
19.89 0.0000
19.90 0.0000
19.91 0.0000
19.92 0.0000
19.93 0.0000
19.94 0.0000
19.95 0.0000
19.96 0.0000
19.97 0.0000
19.98 0.0000
19.99 0.0000
20.00 0.0000
20.01 0.0000
20.02 0.0000
20.03 0.0000
20.04 0.0000
20.05 0.0000
20.06 0.0000
20.07 0.0000
20.08 0.0000
20.09 0.0000
20.10 0.0000
20.11 0.0000
20.12 0.0000
20.13 0.0000
20.14 0.0000
20.15 0.0000
20.16 0.0000
20.17 0.0000
20.18 0.0000
20.19 0.0000
20.20 0.0000
20.21 0.0000
20.22 0.0000
20.23 0.0000
20.24 0.0000
20.25 0.0000
20.26 0.0000
20.27 0.0000
20.28 0.0000
20.29 0.0000
20.30 0.0000
20.31 0.0000
20.32 0.0000
20.33 0.0000
20.34 0.0000
20.35 0.0000
20.36 0.0000
20.37 0.0000
20.38 0.0000
20.39 0.0000
20.40 0.0000
20.41 0.0000
20.42 0.0000
20.43 0.0000
20.44 0.0000
20.45 0.0000
