0.00 0.0000
0.01 0.0000
0.02 0.0000
0.03 0.0000
0.04 0.0000
0.05 0.0000
0.06 0.0000
0.07 0.0000
0.08 0.0000
0.09 0.0000
0.10 0.0000
0.11 0.0000
0.12 0.0000
0.13 0.0000
0.14 0.0000
0.15 0.0000
0.16 0.0000
0.17 0.0000
0.18 0.0000
0.19 0.0000
0.20 0.0000
0.21 0.0000
0.22 0.0000
0.23 0.0000
0.24 0.0000
0.25 0.0000
0.26 0.0000
0.27 0.0000
0.28 0.0000
0.29 0.0000
0.30 0.0000
0.31 0.0000
0.32 0.0000
0.33 0.0000
0.34 0.0000
0.35 0.0000
0.36 0.0000
0.37 0.0000
0.38 0.0000
0.39 0.0000
0.40 0.0000
0.41 0.0000
0.42 0.0000
0.43 0.0000
0.44 0.0000
0.45 0.0000
0.46 0.0000
0.47 0.0000
0.48 0.0000
0.49 0.0000
0.50 0.0000
0.51 0.0000
0.52 0.0000
0.53 0.0000
0.54 0.0000
0.55 0.0000
0.56 0.0000
0.57 0.0000
0.58 0.0000
0.59 0.0000
0.60 0.0000
0.61 0.0000
0.62 0.0000
0.63 0.0000
0.64 0.0000
0.65 0.0000
0.66 0.0000
0.67 0.0000
0.68 0.0000
0.69 0.0000
0.70 0.0000
0.71 0.0000
0.72 0.0000
0.73 0.0000
0.74 0.0000
0.75 0.0000
0.76 0.0000
0.77 0.0000
0.78 0.0000
0.79 0.0000
0.80 0.0000
0.81 0.0000
0.82 0.0000
0.83 0.0000
0.84 0.0000
0.85 0.0000
0.86 0.0000
0.87 0.0000
0.88 0.0000
0.89 0.0000
0.90 0.0000
0.91 0.0000
0.92 0.0000
0.93 0.0000
0.94 0.0000
0.95 0.0000
0.96 0.0000
0.97 0.0000
0.98 0.0000
0.99 0.0000
1.00 0.0000
1.01 0.0000
1.02 0.0000
1.03 0.0000
1.04 0.0000
1.05 0.0000
1.06 0.0000
1.07 0.0000
1.08 0.0000
1.09 0.0000
1.10 0.0000
1.11 297.9362
1.12 297.9362
1.13 297.9362
1.14 296.8626
1.15 296.8626
1.16 295.7928
1.17 295.7928
1.18 295.7928
1.19 295.7928
1.20 295.7928
1.21 294.7269
1.22 294.7269
1.23 293.6648
1.24 291.5521
1.25 291.5521
1.26 291.5521
1.27 292.6065
1.28 292.6065
1.29 293.6648
1.30 293.6648
1.31 293.6648
1.32 294.7269
1.33 294.7269
1.34 294.7269
1.35 295.7928
1.36 295.7928
1.37 295.7928
1.38 295.7928
1.39 295.7928
1.40 296.8626
1.41 296.8626
1.42 296.8626
1.43 296.8626
1.44 296.8626
1.45 296.8626
1.46 296.8626
1.47 296.8626
1.48 296.8626
1.49 296.8626
1.50 297.9362
1.51 297.9362
1.52 297.9362
1.53 297.9362
1.54 297.9362
1.55 296.8626
1.56 296.8626
1.57 296.8626
1.58 296.8626
1.59 295.7928
1.60 295.7928
1.61 293.6648
1.62 291.5521
1.63 291.5521
1.64 291.5521
1.65 291.5521
1.66 291.5521
1.67 292.6065
1.68 293.6648
1.69 293.6648
1.70 294.7269
1.71 294.7269
1.72 294.7269
1.73 294.7269
1.74 294.7269
1.75 293.6648
1.76 293.6648
1.77 291.5521
1.78 290.5014
1.79 290.5014
1.80 290.5014
1.81 289.4546
1.82 289.4546
1.83 289.4546
1.84 290.5014
1.85 290.5014
1.86 291.5521
1.87 291.5521
1.88 291.5521
1.89 290.5014
1.90 290.5014
1.91 290.5014
1.92 290.5014
1.93 290.5014
1.94 290.5014
1.95 290.5014
1.96 290.5014
1.97 290.5014
1.98 291.5521
1.99 291.5521
2.00 291.5521
2.01 291.5521
2.02 291.5521
2.03 290.5014
2.04 290.5014
2.05 290.5014
2.06 290.5014
2.07 290.5014
2.08 290.5014
2.09 291.5521
2.10 291.5521
2.11 293.6648
2.12 293.6648
2.13 293.6648
2.14 288.4115
2.15 283.2521
2.16 283.2521
2.17 0.0000
2.18 0.0000
2.19 0.0000
2.20 0.0000
2.21 0.0000
2.22 0.0000
2.23 0.0000
2.24 0.0000
2.25 0.0000
2.26 0.0000
2.27 0.0000
2.28 0.0000
2.29 0.0000
2.30 0.0000
2.31 0.0000
2.32 0.0000
2.33 0.0000
2.34 0.0000
2.35 0.0000
2.36 346.7158
2.37 346.7158
2.38 346.7158
2.39 346.7158
2.40 346.7158
2.41 346.7158
2.42 346.7158
2.43 346.7158
2.44 346.7158
2.45 346.7158
2.46 347.9697
2.47 347.9697
2.48 349.2282
2.49 349.2282
2.50 349.2282
2.51 349.2282
2.52 349.2282
2.53 349.2282
2.54 349.2282
2.55 349.2282
2.56 349.2282
2.57 349.2282
2.58 349.2282
2.59 349.2282
2.60 349.2282
2.61 349.2282
2.62 349.2282
2.63 349.2282
2.64 350.4913
2.65 350.4913
2.66 351.7589
2.67 351.7589
2.68 351.7589
2.69 351.7589
2.70 351.7589
2.71 351.7589
2.72 353.0311
2.73 353.0311
2.74 353.0311
2.75 353.0311
2.76 353.0311
2.77 353.0311
2.78 353.0311
2.79 351.7589
2.80 351.7589
2.81 351.7589
2.82 351.7589
2.83 351.7589
2.84 351.7589
2.85 351.7589
2.86 351.7589
2.87 351.7589
2.88 351.7589
2.89 351.7589
2.90 351.7589
2.91 351.7589
2.92 351.7589
2.93 350.4913
2.94 350.4913
2.95 350.4913
2.96 351.7589
2.97 351.7589
2.98 351.7589
2.99 351.7589
3.00 351.7589
3.01 351.7589
3.02 351.7589
3.03 351.7589
3.04 351.7589
3.05 351.7589
3.06 350.4913
3.07 350.4913
3.08 349.2282
3.09 349.2282
3.10 349.2282
3.11 349.2282
3.12 349.2282
3.13 349.2282
3.14 349.2282
3.15 349.2282
3.16 347.9697
3.17 347.9697
3.18 346.7158
3.19 346.7158
3.20 346.7158
3.21 346.7158
3.22 346.7158
3.23 346.7158
3.24 346.7158
3.25 346.7158
3.26 346.7158
3.27 347.9697
3.28 347.9697
3.29 349.2282
3.30 349.2282
3.31 349.2282
3.32 349.2282
3.33 349.2282
3.34 349.2282
3.35 349.2282
3.36 350.4913
3.37 350.4913
3.38 350.4913
3.39 350.4913
3.40 351.7589
3.41 351.7589
3.42 351.7589
3.43 351.7589
3.44 350.4913
3.45 350.4913
3.46 349.2282
3.47 349.2282
3.48 349.2282
3.49 350.4913
3.50 350.4913
3.51 350.4913
3.52 349.2282
3.53 349.2282
3.54 349.2282
3.55 349.2282
3.56 349.2282
3.57 349.2282
3.58 350.4913
3.59 350.4913
3.60 350.4913
3.61 349.2282
3.62 349.2282
3.63 349.2282
3.64 349.2282
3.65 349.2282
3.66 349.2282
3.67 349.2282
3.68 349.2282
3.69 350.4913
3.70 350.4913
3.71 350.4913
3.72 350.4913
3.73 350.4913
3.74 350.4913
3.75 350.4913
3.76 349.2282
3.77 349.2282
3.78 349.2282
3.79 349.2282
3.80 349.2282
3.81 349.2282
3.82 349.2282
3.83 349.2282
3.84 349.2282
3.85 349.2282
3.86 349.2282
3.87 349.2282
3.88 349.2282
3.89 349.2282
3.90 349.2282
3.91 349.2282
3.92 349.2282
3.93 349.2282
3.94 349.2282
3.95 349.2282
3.96 349.2282
3.97 349.2282
3.98 349.2282
3.99 350.4913
4.00 350.4913
4.01 350.4913
4.02 350.4913
4.03 349.2282
4.04 349.2282
4.05 349.2282
4.06 349.2282
4.07 350.4913
4.08 351.7589
4.09 351.7589
4.10 351.7589
4.11 353.0311
4.12 353.0311
4.13 353.0311
4.14 353.0311
4.15 353.0311
4.16 353.0311
4.17 353.0311
4.18 353.0311
4.19 353.0311
4.20 351.7589
4.21 351.7589
4.22 351.7589
4.23 351.7589
4.24 350.4913
4.25 350.4913
4.26 350.4913
4.27 350.4913
4.28 350.4913
4.29 351.7589
4.30 351.7589
4.31 353.0311
4.32 354.3079
4.33 354.3079
4.34 356.8753
4.35 356.8753
4.36 356.8753
4.37 356.8753
4.38 356.8753
4.39 356.8753
4.40 356.8753
4.41 355.5893
4.42 355.5893
4.43 355.5893
4.44 355.5893
4.45 355.5893
4.46 354.3079
4.47 353.0311
4.48 0.0000
4.49 0.0000
4.50 0.0000
4.51 0.0000
4.52 0.0000
4.53 0.0000
4.54 0.0000
4.55 0.0000
4.56 0.0000
4.57 0.0000
4.58 0.0000
4.59 0.0000
4.60 0.0000
4.61 0.0000
4.62 0.0000
4.63 0.0000
4.64 0.0000
4.65 0.0000
4.66 0.0000
4.67 0.0000
4.68 0.0000
4.69 0.0000
4.70 0.0000
4.71 0.0000
4.72 0.0000
4.73 0.0000
4.74 0.0000
4.75 0.0000
4.76 0.0000
4.77 0.0000
4.78 0.0000
4.79 0.0000
4.80 0.0000
4.81 0.0000
4.82 0.0000
4.83 0.0000
4.84 0.0000
4.85 0.0000
4.86 0.0000
4.87 0.0000
4.88 0.0000
4.89 0.0000
4.90 0.0000
4.91 0.0000
4.92 0.0000
4.93 0.0000
4.94 0.0000
4.95 0.0000
4.96 0.0000
4.97 0.0000
4.98 0.0000
4.99 0.0000
5.00 0.0000
5.01 0.0000
5.02 0.0000
5.03 0.0000
5.04 0.0000
5.05 0.0000
5.06 0.0000
5.07 0.0000
5.08 0.0000
5.09 0.0000
5.10 0.0000
5.11 0.0000
5.12 0.0000
5.13 0.0000
5.14 0.0000
5.15 0.0000
5.16 0.0000
5.17 0.0000
5.18 0.0000
5.19 0.0000
5.20 0.0000
5.21 0.0000
5.22 0.0000
5.23 0.0000
5.24 0.0000
5.25 0.0000
5.26 0.0000
5.27 0.0000
5.28 0.0000
5.29 0.0000
5.30 0.0000
5.31 0.0000
5.32 0.0000
5.33 0.0000
5.34 0.0000
5.35 0.0000
5.36 0.0000
5.37 0.0000
5.38 0.0000
5.39 378.0962
5.40 378.0962
5.41 378.0962
5.42 376.7337
5.43 376.7337
5.44 376.7337
5.45 376.7337
5.46 376.7337
5.47 376.7337
5.48 378.0962
5.49 378.0962
5.50 379.4637
5.51 379.4637
5.52 379.4637
5.53 378.0962
5.54 376.7337
5.55 372.6756
5.56 371.3326
5.57 367.3326
5.58 0.0000
5.59 0.0000
5.60 0.0000
5.61 0.0000
5.62 0.0000
5.63 0.0000
5.64 0.0000
5.65 0.0000
5.66 0.0000
5.67 0.0000
5.68 0.0000
5.69 0.0000
5.70 0.0000
5.71 346.7158
5.72 346.7158
5.73 346.7158
5.74 346.7158
5.75 346.7158
5.76 346.7158
5.77 346.7158
5.78 347.9697
5.79 347.9697
5.80 347.9697
5.81 346.7158
5.82 346.7158
5.83 346.7158
5.84 346.7158
5.85 346.7158
5.86 346.7158
5.87 345.4663
5.88 345.4663
5.89 344.2214
5.90 344.2214
5.91 344.2214
5.92 344.2214
5.93 344.2214
5.94 344.2214
5.95 344.2214
5.96 345.4663
5.97 345.4663
5.98 346.7158
5.99 346.7158
6.00 347.9697
6.01 349.2282
6.02 349.2282
6.03 349.2282
6.04 349.2282
6.05 0.0000
6.06 0.0000
6.07 0.0000
6.08 0.0000
6.09 0.0000
6.10 0.0000
6.11 0.0000
6.12 0.0000
6.13 0.0000
6.14 0.0000
6.15 0.0000
6.16 0.0000
6.17 0.0000
6.18 0.0000
6.19 0.0000
6.20 0.0000
6.21 0.0000
6.22 0.0000
6.23 0.0000
6.24 0.0000
6.25 0.0000
6.26 0.0000
6.27 0.0000
6.28 0.0000
6.29 0.0000
6.30 0.0000
6.31 0.0000
6.32 0.0000
6.33 0.0000
6.34 0.0000
6.35 0.0000
6.36 0.0000
6.37 0.0000
6.38 0.0000
6.39 0.0000
6.40 0.0000
6.41 0.0000
6.42 0.0000
6.43 0.0000
6.44 0.0000
6.45 0.0000
6.46 0.0000
6.47 0.0000
6.48 0.0000
6.49 0.0000
6.50 0.0000
6.51 0.0000
6.52 0.0000
6.53 0.0000
6.54 0.0000
6.55 0.0000
6.56 0.0000
6.57 0.0000
6.58 0.0000
6.59 0.0000
6.60 0.0000
6.61 0.0000
6.62 0.0000
6.63 0.0000
6.64 0.0000
6.65 0.0000
6.66 0.0000
6.67 0.0000
6.68 0.0000
6.69 0.0000
6.70 0.0000
6.71 0.0000
6.72 0.0000
6.73 0.0000
6.74 0.0000
6.75 0.0000
6.76 0.0000
6.77 0.0000
6.78 0.0000
6.79 0.0000
6.80 304.4602
6.81 305.5613
6.82 305.5613
6.83 305.5613
6.84 305.5613
6.85 305.5613
6.86 305.5613
6.87 306.6664
6.88 306.6664
6.89 306.6664
6.90 305.5613
6.91 305.5613
6.92 304.4602
6.93 303.3630
6.94 302.2698
6.95 299.0138
6.96 289.4546
6.97 287.3721
6.98 283.2521
6.99 281.2143
7.00 280.2010
7.01 280.2010
7.02 280.2010
7.03 280.2010
7.04 281.2143
7.05 282.2314
7.06 283.2521
7.07 283.2521
7.08 283.2521
7.09 284.2766
7.10 284.2766
7.11 284.2766
7.12 283.2521
7.13 283.2521
7.14 282.2314
7.15 282.2314
7.16 282.2314
7.17 282.2314
7.18 283.2521
7.19 283.2521
7.20 284.2766
7.21 284.2766
7.22 286.3366
7.23 287.3721
7.24 288.4115
7.25 288.4115
7.26 289.4546
7.27 290.5014
7.28 290.5014
7.29 290.5014
7.30 290.5014
7.31 290.5014
7.32 290.5014
7.33 290.5014
7.34 0.0000
7.35 0.0000
7.36 0.0000
7.37 0.0000
7.38 0.0000
7.39 0.0000
7.40 0.0000
7.41 0.0000
7.42 0.0000
7.43 0.0000
7.44 0.0000
7.45 0.0000
7.46 0.0000
7.47 0.0000
7.48 0.0000
7.49 394.8360
7.50 394.8360
7.51 394.8360
7.52 393.4132
7.53 393.4132
7.54 391.9954
7.55 391.9954
7.56 391.9954
7.57 390.5828
7.58 390.5828
7.59 390.5828
7.60 390.5828
7.61 389.1753
7.62 389.1753
7.63 389.1753
7.64 389.1753
7.65 389.1753
7.66 389.1753
7.67 390.5828
7.68 390.5828
7.69 390.5828
7.70 391.9954
7.71 391.9954
7.72 391.9954
7.73 391.9954
7.74 391.9954
7.75 391.9954
7.76 390.5828
7.77 390.5828
7.78 389.1753
7.79 387.7729
7.80 387.7729
7.81 387.7729
7.82 387.7729
7.83 389.1753
7.84 389.1753
7.85 390.5828
7.86 391.9954
7.87 391.9954
7.88 393.4132
7.89 393.4132
7.90 393.4132
7.91 393.4132
7.92 393.4132
7.93 391.9954
7.94 0.0000
7.95 0.0000
7.96 0.0000
7.97 0.0000
7.98 0.0000
7.99 0.0000
8.00 0.0000
8.01 0.0000
8.02 0.0000
8.03 0.0000
8.04 0.0000
8.05 0.0000
8.06 0.0000
8.07 0.0000
8.08 0.0000
8.09 0.0000
8.10 0.0000
8.11 0.0000
8.12 0.0000
8.13 0.0000
8.14 0.0000
8.15 0.0000
8.16 0.0000
8.17 0.0000
8.18 0.0000
8.19 0.0000
8.20 0.0000
8.21 0.0000
8.22 0.0000
8.23 0.0000
8.24 0.0000
8.25 0.0000
8.26 0.0000
8.27 0.0000
8.28 0.0000
8.29 0.0000
8.30 0.0000
8.31 0.0000
8.32 0.0000
8.33 0.0000
8.34 0.0000
8.35 0.0000
8.36 0.0000
8.37 0.0000
8.38 0.0000
8.39 0.0000
8.40 0.0000
8.41 0.0000
8.42 0.0000
8.43 0.0000
8.44 0.0000
8.45 0.0000
8.46 0.0000
8.47 0.0000
8.48 0.0000
8.49 0.0000
8.50 0.0000
8.51 0.0000
8.52 0.0000
8.53 0.0000
8.54 0.0000
8.55 0.0000
8.56 0.0000
8.57 0.0000
8.58 0.0000
8.59 0.0000
8.60 0.0000
8.61 0.0000
8.62 0.0000
8.63 0.0000
8.64 0.0000
8.65 0.0000
8.66 0.0000
8.67 0.0000
