0.00 0.0000
0.01 0.0000
0.02 0.0000
0.03 0.0000
0.04 0.0000
0.05 0.0000
0.06 0.0000
0.07 0.0000
0.08 0.0000
0.09 0.0000
0.10 0.0000
0.11 0.0000
0.12 0.0000
0.13 0.0000
0.14 0.0000
0.15 0.0000
0.16 0.0000
0.17 0.0000
0.18 0.0000
0.19 0.0000
0.20 0.0000
0.21 0.0000
0.22 0.0000
0.23 0.0000
0.24 0.0000
0.25 0.0000
0.26 0.0000
0.27 0.0000
0.28 0.0000
0.29 0.0000
0.30 0.0000
0.31 0.0000
0.32 0.0000
0.33 0.0000
0.34 0.0000
0.35 0.0000
0.36 0.0000
0.37 0.0000
0.38 0.0000
0.39 0.0000
0.40 0.0000
0.41 0.0000
0.42 0.0000
0.43 0.0000
0.44 0.0000
0.45 0.0000
0.46 0.0000
0.47 0.0000
0.48 0.0000
0.49 0.0000
0.50 0.0000
0.51 0.0000
0.52 0.0000
0.53 0.0000
0.54 0.0000
0.55 0.0000
0.56 0.0000
0.57 0.0000
0.58 0.0000
0.59 0.0000
0.60 0.0000
0.61 0.0000
0.62 0.0000
0.63 0.0000
0.64 0.0000
0.65 0.0000
0.66 0.0000
0.67 0.0000
0.68 0.0000
0.69 0.0000
0.70 0.0000
0.71 0.0000
0.72 0.0000
0.73 0.0000
0.74 0.0000
0.75 0.0000
0.76 0.0000
0.77 0.0000
0.78 0.0000
0.79 0.0000
0.80 0.0000
0.81 176.5155
0.82 176.5155
0.83 176.5155
0.84 175.2456
0.85 171.4905
0.86 170.8725
0.87 169.6432
0.88 165.4099
0.89 163.0384
0.90 161.2822
0.91 160.1219
0.92 160.1219
0.93 160.1219
0.94 160.7010
0.95 161.8655
0.96 162.4509
0.97 163.6281
0.98 164.8138
0.99 165.4099
1.00 165.4099
1.01 165.4099
1.02 165.4099
1.03 165.4099
1.04 165.4099
1.05 163.6281
1.06 163.0384
1.07 161.8655
1.08 158.3970
1.09 157.2575
1.10 155.5635
1.11 154.4443
1.12 151.1349
1.13 151.1349
1.14 147.8964
1.15 145.7760
1.16 145.2507
1.17 144.7273
1.18 143.6861
1.19 143.1683
1.20 142.6524
1.21 142.1383
1.22 140.1005
1.23 139.5956
1.24 139.5956
1.25 139.5956
1.26 139.5956
1.27 142.1383
1.28 142.6524
1.29 142.6524
1.30 142.6524
1.31 142.1383
1.32 142.1383
1.33 142.1383
1.34 139.5956
1.35 139.5956
1.36 139.5956
1.37 139.5956
1.38 141.6261
1.39 141.6261
1.40 154.4443
1.41 154.4443
1.42 157.2575
1.43 158.3970
1.44 159.5448
1.45 160.1219
1.46 161.8655
1.47 162.4509
1.48 162.4509
1.49 163.0384
1.50 163.0384
1.51 163.0384
1.52 163.0384
1.53 163.0384
1.54 163.0384
1.55 162.4509
1.56 162.4509
1.57 162.4509
1.58 162.4509
1.59 163.0384
1.60 163.0384
1.61 163.6281
1.62 164.8138
1.63 165.4099
1.64 166.0081
1.65 166.6085
1.66 167.2111
1.67 167.2111
1.68 167.2111
1.69 167.2111
1.70 166.6085
1.71 0.0000
1.72 0.0000
1.73 0.0000
1.74 0.0000
1.75 0.0000
1.76 0.0000
1.77 0.0000
1.78 0.0000
1.79 197.4180
1.80 198.1320
1.81 198.8486
1.82 199.5677
1.83 200.2895
1.84 201.0139
1.85 201.7409
1.86 203.2028
1.87 203.2028
1.88 203.2028
1.89 203.2028
1.90 203.2028
1.91 203.2028
1.92 203.2028
1.93 203.2028
1.94 203.9377
1.95 203.9377
1.96 204.6753
1.97 204.6753
1.98 204.6753
1.99 203.9377
2.00 203.2028
2.01 202.4705
2.02 201.0139
2.03 195.9977
2.04 193.1877
2.05 191.1067
2.06 184.9972
2.07 183.0044
2.08 175.2456
2.09 169.6432
2.10 169.0319
2.11 168.4227
2.12 168.4227
2.13 168.4227
2.14 168.4227
2.15 168.4227
2.16 167.8158
2.17 167.2111
2.18 167.2111
2.19 167.2111
2.20 167.2111
2.21 167.2111
2.22 167.2111
2.23 167.8158
2.24 169.0319
2.25 169.6432
2.26 170.8725
2.27 171.4905
2.28 172.1107
2.29 172.1107
2.30 172.1107
2.31 171.4905
2.32 170.8725
2.33 170.8725
2.34 169.0319
2.35 0.0000
2.36 0.0000
2.37 0.0000
2.38 0.0000
2.39 0.0000
2.40 0.0000
2.41 131.2859
2.42 131.2859
2.43 131.2859
2.44 130.8128
2.45 129.8717
2.46 128.4727
2.47 128.4727
2.48 119.0929
2.49 119.0929
2.50 119.0929
2.51 119.0929
2.52 119.0929
2.53 119.0929
2.54 120.8251
2.55 121.2621
2.56 123.0259
2.57 123.4708
2.58 125.2667
2.59 125.2667
2.60 127.0888
2.61 128.0097
2.62 128.4727
2.63 128.9373
2.64 129.4037
2.65 129.4037
2.66 129.4037
2.67 128.9373
2.68 128.9373
2.69 128.9373
2.70 128.9373
2.71 128.9373
2.72 128.9373
2.73 129.4037
2.74 129.4037
2.75 130.8128
2.76 130.8128
2.77 130.8128
2.78 0.0000
2.79 0.0000
2.80 0.0000
2.81 0.0000
2.82 0.0000
2.83 0.0000
2.84 0.0000
2.85 0.0000
2.86 0.0000
2.87 0.0000
2.88 0.0000
2.89 0.0000
2.90 0.0000
2.91 0.0000
2.92 0.0000
2.93 0.0000
2.94 0.0000
2.95 0.0000
2.96 0.0000
2.97 0.0000
2.98 0.0000
2.99 0.0000
3.00 0.0000
3.01 0.0000
3.02 0.0000
3.03 0.0000
3.04 0.0000
3.05 0.0000
3.06 0.0000
3.07 0.0000
3.08 0.0000
3.09 0.0000
3.10 0.0000
3.11 0.0000
3.12 0.0000
3.13 0.0000
3.14 0.0000
3.15 0.0000
3.16 0.0000
3.17 0.0000
3.18 0.0000
3.19 0.0000
3.20 0.0000
3.21 0.0000
3.22 0.0000
3.23 0.0000
3.24 0.0000
3.25 0.0000
3.26 0.0000
3.27 0.0000
3.28 0.0000
3.29 0.0000
3.30 0.0000
3.31 0.0000
3.32 0.0000
3.33 0.0000
3.34 0.0000
3.35 0.0000
3.36 0.0000
3.37 0.0000
3.38 0.0000
3.39 0.0000
3.40 0.0000
3.41 0.0000
3.42 0.0000
3.43 0.0000
3.44 0.0000
3.45 0.0000
3.46 0.0000
3.47 0.0000
3.48 0.0000
3.49 0.0000
3.50 0.0000
3.51 0.0000
3.52 0.0000
3.53 0.0000
3.54 0.0000
3.55 0.0000
3.56 0.0000
3.57 0.0000
3.58 0.0000
3.59 0.0000
3.60 0.0000
3.61 0.0000
3.62 0.0000
3.63 0.0000
3.64 0.0000
3.65 0.0000
3.66 0.0000
3.67 0.0000
3.68 0.0000
3.69 0.0000
3.70 0.0000
3.71 0.0000
3.72 0.0000
3.73 0.0000
3.74 0.0000
3.75 0.0000
3.76 0.0000
3.77 0.0000
3.78 0.0000
3.79 0.0000
3.80 0.0000
3.81 0.0000
3.82 0.0000
3.83 0.0000
3.84 0.0000
3.85 0.0000
3.86 0.0000
3.87 0.0000
3.88 0.0000
3.89 0.0000
3.90 0.0000
3.91 0.0000
3.92 0.0000
3.93 0.0000
3.94 0.0000
3.95 0.0000
3.96 0.0000
3.97 0.0000
3.98 0.0000
3.99 0.0000
4.00 0.0000
4.01 0.0000
4.02 0.0000
