0.00 0.0000
0.01 0.0000
0.02 0.0000
0.03 0.0000
0.04 0.0000
0.05 0.0000
0.06 0.0000
0.07 0.0000
0.08 0.0000
0.09 0.0000
0.10 0.0000
0.11 0.0000
0.12 0.0000
0.13 0.0000
0.14 0.0000
0.15 0.0000
0.16 0.0000
0.17 0.0000
0.18 0.0000
0.19 0.0000
0.20 0.0000
0.21 0.0000
0.22 0.0000
0.23 0.0000
0.24 0.0000
0.25 0.0000
0.26 0.0000
0.27 0.0000
0.28 0.0000
0.29 0.0000
0.30 0.0000
0.31 0.0000
0.32 0.0000
0.33 0.0000
0.34 0.0000
0.35 0.0000
0.36 0.0000
0.37 0.0000
0.38 0.0000
0.39 0.0000
0.40 0.0000
0.41 0.0000
0.42 0.0000
0.43 0.0000
0.44 0.0000
0.45 0.0000
0.46 222.3956
0.47 222.3956
0.48 222.3956
0.49 222.3956
0.50 221.5942
0.51 221.5942
0.52 221.5942
0.53 221.5942
0.54 221.5942
0.55 220.7957
0.56 220.7957
0.57 0.0000
0.58 0.0000
0.59 0.0000
0.60 0.0000
0.61 0.0000
0.62 0.0000
0.63 0.0000
0.64 0.0000
0.65 0.0000
0.66 0.0000
0.67 0.0000
0.68 0.0000
0.69 0.0000
0.70 0.0000
0.71 0.0000
0.72 0.0000
0.73 0.0000
0.74 0.0000
0.75 0.0000
0.76 185.6663
0.77 186.3378
0.78 186.3378
0.79 186.3378
0.80 186.3378
0.81 185.6663
0.82 185.6663
0.83 185.6663
0.84 248.7311
0.85 248.7311
0.86 248.7311
0.87 249.6307
0.88 249.6307
0.89 249.6307
0.90 249.6307
0.91 249.6307
0.92 249.6307
0.93 249.6307
0.94 249.6307
0.95 249.6307
0.96 248.7311
0.97 247.8348
0.98 245.1651
0.99 241.6502
1.00 239.9117
1.01 233.9249
1.02 233.9249
1.03 233.9249
1.04 232.2419
1.05 225.6305
1.06 224.8174
1.07 224.8174
1.08 223.2000
1.09 222.3956
1.10 221.5942
1.11 221.5942
1.12 220.7957
1.13 220.7957
1.14 220.7957
1.15 220.7957
1.16 220.7957
1.17 221.5942
1.18 221.5942
1.19 222.3956
1.20 222.3956
1.21 223.2000
1.22 223.2000
1.23 223.2000
1.24 0.0000
1.25 0.0000
1.26 0.0000
1.27 166.6085
1.28 166.6085
1.29 166.6085
1.30 166.0081
1.31 166.0081
1.32 163.6281
1.33 163.0384
1.34 161.8655
1.35 161.2822
1.36 160.1219
1.37 158.9699
1.38 158.3970
1.39 157.2575
1.40 156.1261
1.41 155.5635
1.42 155.0029
1.43 155.0029
1.44 155.0029
1.45 221.5942
1.46 221.5942
1.47 221.5942
1.48 220.7957
1.49 220.7957
1.50 219.2072
1.51 217.6302
1.52 212.1993
1.53 208.4034
1.54 206.1584
1.55 190.4180
1.56 189.0481
1.57 186.3378
1.58 184.9972
1.59 184.9972
1.60 184.9972
1.61 184.9972
1.62 184.9972
1.63 184.9972
1.64 186.3378
1.65 187.6881
1.66 189.0481
1.67 190.4180
1.68 190.4180
1.69 190.4180
1.70 189.0481
1.71 186.3378
1.72 0.0000
1.73 0.0000
1.74 0.0000
1.75 0.0000
1.76 0.0000
1.77 0.0000
1.78 0.0000
1.79 0.0000
1.80 0.0000
1.81 0.0000
1.82 223.2000
1.83 224.8174
1.84 225.6305
1.85 225.6305
1.86 226.4465
1.87 226.4465
1.88 226.4465
1.89 226.4465
1.90 227.2655
1.91 227.2655
1.92 227.2655
1.93 226.4465
1.94 0.0000
1.95 0.0000
1.96 0.0000
1.97 0.0000
1.98 0.0000
1.99 0.0000
2.00 0.0000
2.01 0.0000
2.02 0.0000
2.03 0.0000
2.04 0.0000
2.05 0.0000
2.06 0.0000
2.07 0.0000
2.08 163.0384
2.09 163.6281
2.10 166.0081
2.11 166.6085
2.12 167.2111
2.13 168.4227
2.14 168.4227
2.15 168.4227
2.16 166.6085
2.17 165.4099
2.18 165.4099
2.19 165.4099
2.20 165.4099
2.21 165.4099
2.22 165.4099
2.23 165.4099
2.24 165.4099
2.25 165.4099
2.26 166.0081
2.27 166.0081
2.28 166.0081
2.29 165.4099
2.30 165.4099
2.31 165.4099
2.32 165.4099
2.33 165.4099
2.34 165.4099
2.35 165.4099
2.36 165.4099
2.37 166.0081
2.38 166.0081
2.39 166.0081
2.40 166.6085
2.41 167.2111
2.42 167.8158
2.43 169.0319
2.44 169.6432
2.45 169.6432
2.46 169.6432
2.47 169.6432
2.48 169.6432
2.49 169.6432
2.50 169.6432
2.51 169.6432
2.52 169.6432
2.53 169.6432
2.54 170.2567
2.55 170.8725
2.56 170.8725
2.57 170.8725
2.58 170.2567
2.59 169.6432
2.60 169.6432
2.61 169.6432
2.62 169.6432
2.63 170.2567
2.64 170.8725
2.65 171.4905
2.66 172.1107
2.67 172.1107
2.68 172.1107
2.69 171.4905
2.70 171.4905
2.71 171.4905
2.72 0.0000
2.73 0.0000
2.74 0.0000
2.75 0.0000
2.76 0.0000
2.77 0.0000
2.78 0.0000
2.79 0.0000
2.80 0.0000
2.81 0.0000
2.82 0.0000
2.83 0.0000
2.84 0.0000
2.85 0.0000
2.86 0.0000
2.87 0.0000
2.88 0.0000
2.89 0.0000
2.90 0.0000
2.91 0.0000
2.92 0.0000
2.93 0.0000
2.94 0.0000
2.95 0.0000
2.96 0.0000
2.97 0.0000
2.98 0.0000
2.99 0.0000
3.00 0.0000
3.01 0.0000
3.02 0.0000
3.03 0.0000
3.04 0.0000
3.05 0.0000
3.06 0.0000
3.07 0.0000
3.08 0.0000
3.09 0.0000
