0.00 0.0000
0.01 0.0000
0.02 0.0000
0.03 0.0000
0.04 0.0000
0.05 0.0000
0.06 0.0000
0.07 0.0000
0.08 0.0000
0.09 0.0000
0.10 0.0000
0.11 0.0000
0.12 0.0000
0.13 0.0000
0.14 0.0000
0.15 0.0000
0.16 0.0000
0.17 0.0000
0.18 0.0000
0.19 0.0000
0.20 0.0000
0.21 0.0000
0.22 0.0000
0.23 0.0000
0.24 0.0000
0.25 0.0000
0.26 0.0000
0.27 0.0000
0.28 0.0000
0.29 0.0000
0.30 0.0000
0.31 0.0000
0.32 0.0000
0.33 0.0000
0.34 0.0000
0.35 0.0000
0.36 0.0000
0.37 0.0000
0.38 0.0000
0.39 0.0000
0.40 0.0000
0.41 0.0000
0.42 0.0000
0.43 0.0000
0.44 0.0000
0.45 0.0000
0.46 0.0000
0.47 0.0000
0.48 0.0000
0.49 0.0000
0.50 0.0000
0.51 0.0000
0.52 188.3669
0.53 188.3669
0.54 188.3669
0.55 189.0481
0.56 189.0481
0.57 189.0481
0.58 189.0481
0.59 188.3669
0.60 188.3669
0.61 188.3669
0.62 187.6881
0.63 187.6881
0.64 187.0117
0.65 187.0117
0.66 185.6663
0.67 184.9972
0.68 184.3305
0.69 183.0044
0.70 181.6878
0.71 180.3807
0.72 174.6141
0.73 0.0000
0.74 0.0000
0.75 0.0000
0.76 168.4227
0.77 168.4227
0.78 168.4227
0.79 168.4227
0.80 168.4227
0.81 168.4227
0.82 169.0319
0.83 169.0319
0.84 169.0319
0.85 169.0319
0.86 169.0319
0.87 168.4227
0.88 167.8158
0.89 167.2111
0.90 167.2111
0.91 166.6085
0.92 166.6085
0.93 166.6085
0.94 167.2111
0.95 167.8158
0.96 169.0319
0.97 169.6432
0.98 170.8725
0.99 171.4905
1.00 172.1107
1.01 172.1107
1.02 172.1107
1.03 172.1107
1.04 171.4905
1.05 169.6432
1.06 168.4227
1.07 0.0000
1.08 0.0000
1.09 0.0000
1.10 0.0000
1.11 0.0000
1.12 0.0000
1.13 0.0000
1.14 0.0000
1.15 0.0000
1.16 0.0000
1.17 0.0000
1.18 0.0000
1.19 0.0000
1.20 0.0000
1.21 154.4443
1.22 154.4443
1.23 154.4443
1.24 152.2301
1.25 151.6815
1.26 151.6815
1.27 151.6815
1.28 151.1349
1.29 151.1349
1.30 151.1349
1.31 151.1349
1.32 151.1349
1.33 151.1349
1.34 151.1349
1.35 151.1349
1.36 151.1349
1.37 151.1349
1.38 151.6815
1.39 151.6815
1.40 151.6815
1.41 151.6815
1.42 152.2301
1.43 152.7807
1.44 152.7807
1.45 152.7807
1.46 153.3332
1.47 153.8878
1.48 155.5635
1.49 156.6908
1.50 157.8262
1.51 159.5448
1.52 160.1219
1.53 165.4099
1.54 166.6085
1.55 171.4905
1.56 172.1107
1.57 172.7332
1.58 172.7332
1.59 172.7332
1.60 172.7332
1.61 172.7332
1.62 172.1107
1.63 171.4905
1.64 171.4905
1.65 170.8725
1.66 170.8725
1.67 170.8725
1.68 171.4905
1.69 172.1107
1.70 172.1107
1.71 172.7332
1.72 173.3579
1.73 173.9849
1.74 173.9849
1.75 174.6141
1.76 174.6141
1.77 174.6141
1.78 174.6141
1.79 175.2456
1.80 175.2456
1.81 175.2456
1.82 175.2456
1.83 175.2456
1.84 175.2456
1.85 175.2456
1.86 177.7946
1.87 178.4377
1.88 179.0830
1.89 181.0331
1.90 181.6878
1.91 182.3449
1.92 183.6663
1.93 184.9972
1.94 186.3378
1.95 191.1067
1.96 193.8864
1.97 194.5877
1.98 194.5877
1.99 194.5877
2.00 194.5877
2.01 193.8864
2.02 193.1877
2.03 192.4916
2.04 191.7979
2.05 191.1067
2.06 190.4180
2.07 190.4180
2.08 190.4180
2.09 190.4180
2.10 190.4180
2.11 191.1067
2.12 191.1067
2.13 191.7979
2.14 191.7979
2.15 191.7979
2.16 191.7979
2.17 191.7979
2.18 191.7979
2.19 191.7979
2.20 189.0481
2.21 0.0000
2.22 0.0000
2.23 0.0000
2.24 0.0000
2.25 0.0000
2.26 0.0000
2.27 0.0000
2.28 0.0000
2.29 0.0000
2.30 0.0000
2.31 0.0000
2.32 0.0000
2.33 0.0000
2.34 0.0000
2.35 0.0000
2.36 0.0000
2.37 0.0000
2.38 0.0000
2.39 149.5069
2.40 149.5069
2.41 149.5069
2.42 148.4313
2.43 148.4313
2.44 148.4313
2.45 148.4313
2.46 148.4313
2.47 148.4313
2.48 148.4313
2.49 148.4313
2.50 149.5069
2.51 150.0476
2.52 150.5903
2.53 150.5903
2.54 150.5903
2.55 150.5903
2.56 150.5903
2.57 150.5903
2.58 150.5903
2.59 150.5903
2.60 150.5903
2.61 150.0476
2.62 150.0476
2.63 150.0476
2.64 150.0476
2.65 150.0476
2.66 150.0476
2.67 150.0476
2.68 150.0476
2.69 150.0476
2.70 150.0476
2.71 150.0476
2.72 150.0476
2.73 150.0476
2.74 150.0476
2.75 150.0476
2.76 150.0476
2.77 150.0476
2.78 150.0476
2.79 151.1349
2.80 151.1349
2.81 151.1349
2.82 151.6815
2.83 151.6815
2.84 152.2301
2.85 152.2301
2.86 152.2301
2.87 152.2301
2.88 152.2301
2.89 152.2301
2.90 152.2301
2.91 152.2301
2.92 152.7807
2.93 152.7807
2.94 152.7807
2.95 152.7807
2.96 152.7807
2.97 152.7807
2.98 152.7807
2.99 152.7807
3.00 152.7807
3.01 152.7807
3.02 152.7807
3.03 152.7807
3.04 152.7807
3.05 152.7807
3.06 152.7807
3.07 152.7807
3.08 152.7807
3.09 152.7807
3.10 152.7807
3.11 152.7807
3.12 152.7807
3.13 152.7807
3.14 152.7807
3.15 152.7807
3.16 152.2301
3.17 152.2301
3.18 152.2301
3.19 152.2301
3.20 152.7807
3.21 152.7807
3.22 152.7807
3.23 153.3332
3.24 153.3332
3.25 153.3332
3.26 154.4443
3.27 154.4443
3.28 154.4443
3.29 0.0000
3.30 0.0000
3.31 0.0000
3.32 0.0000
3.33 0.0000
3.34 0.0000
3.35 0.0000
3.36 0.0000
3.37 0.0000
3.38 0.0000
3.39 0.0000
3.40 0.0000
3.41 0.0000
3.42 0.0000
3.43 0.0000
3.44 0.0000
3.45 0.0000
3.46 0.0000
3.47 0.0000
3.48 0.0000
3.49 0.0000
3.50 0.0000
3.51 0.0000
3.52 0.0000
3.53 0.0000
3.54 0.0000
3.55 0.0000
3.56 0.0000
3.57 0.0000
3.58 0.0000
3.59 0.0000
3.60 0.0000
3.61 0.0000
3.62 0.0000
3.63 0.0000
3.64 0.0000
3.65 0.0000
3.66 0.0000
3.67 0.0000
3.68 0.0000
3.69 0.0000
3.70 0.0000
3.71 0.0000
3.72 0.0000
3.73 0.0000
3.74 0.0000
3.75 0.0000
3.76 0.0000
3.77 0.0000
3.78 0.0000
3.79 0.0000
3.80 0.0000
3.81 0.0000
3.82 0.0000
3.83 0.0000
3.84 0.0000
3.85 0.0000
3.86 0.0000
3.87 0.0000
3.88 0.0000
3.89 0.0000
3.90 0.0000
3.91 0.0000
3.92 0.0000
3.93 0.0000
3.94 0.0000
3.95 0.0000
3.96 0.0000
3.97 0.0000
3.98 0.0000
3.99 0.0000
4.00 0.0000
4.01 0.0000
4.02 0.0000
4.03 0.0000
4.04 0.0000
4.05 0.0000
4.06 0.0000
4.07 0.0000
4.08 0.0000
4.09 0.0000
4.10 0.0000
4.11 0.0000
4.12 0.0000
4.13 0.0000
4.14 166.0081
4.15 166.6085
4.16 167.2111
4.17 167.8158
4.18 167.8158
4.19 167.8158
4.20 167.8158
4.21 167.2111
4.22 166.6085
4.23 166.6085
4.24 166.6085
4.25 166.6085
4.26 166.6085
4.27 166.6085
4.28 167.2111
4.29 167.8158
4.30 167.8158
4.31 168.4227
4.32 168.4227
4.33 168.4227
4.34 168.4227
4.35 167.8158
4.36 167.2111
4.37 167.2111
4.38 0.0000
4.39 0.0000
4.40 0.0000
4.41 0.0000
4.42 0.0000
4.43 0.0000
4.44 0.0000
4.45 0.0000
4.46 0.0000
4.47 0.0000
4.48 0.0000
4.49 0.0000
4.50 0.0000
4.51 0.0000
4.52 0.0000
4.53 0.0000
4.54 0.0000
4.55 0.0000
4.56 0.0000
4.57 0.0000
4.58 0.0000
4.59 0.0000
4.60 151.1349
4.61 151.1349
4.62 151.1349
4.63 145.7760
4.64 145.2507
4.65 144.2057
4.66 144.2057
4.67 143.6861
4.68 143.6861
4.69 143.1683
4.70 143.1683
4.71 143.1683
4.72 143.1683
4.73 143.1683
4.74 143.6861
4.75 143.6861
4.76 144.7273
4.77 145.2507
4.78 145.7760
4.79 146.3033
4.80 147.8964
4.81 149.5069
4.82 149.5069
4.83 151.1349
4.84 151.6815
4.85 152.7807
4.86 153.3332
4.87 153.3332
4.88 154.4443
4.89 156.1261
4.90 157.2575
4.91 157.8262
4.92 158.3970
4.93 160.1219
4.94 160.7010
4.95 166.0081
4.96 167.8158
4.97 168.4227
4.98 168.4227
4.99 168.4227
5.00 167.2111
5.01 166.6085
5.02 166.6085
5.03 166.6085
5.04 166.6085
5.05 166.0081
5.06 166.0081
5.07 166.0081
5.08 166.6085
5.09 166.6085
5.10 166.6085
5.11 166.6085
5.12 166.6085
5.13 167.2111
5.14 168.4227
5.15 169.6432
5.16 170.2567
5.17 170.2567
5.18 171.4905
5.19 172.1107
5.20 172.1107
5.21 172.1107
5.22 172.7332
5.23 172.7332
5.24 173.9849
5.25 174.6141
5.26 175.8794
5.27 178.4377
5.28 181.6878
5.29 183.0044
5.30 184.9972
5.31 187.0117
5.32 189.0481
5.33 192.4916
5.34 194.5877
5.35 195.9977
5.36 196.7066
5.37 196.7066
5.38 196.7066
5.39 195.9977
5.40 195.9977
5.41 195.2914
5.42 194.5877
5.43 193.8864
5.44 193.8864
5.45 193.1877
5.46 193.1877
5.47 192.4916
5.48 192.4916
5.49 192.4916
5.50 192.4916
5.51 192.4916
5.52 193.1877
5.53 193.8864
5.54 193.8864
5.55 193.8864
5.56 193.8864
5.57 193.8864
5.58 193.8864
5.59 193.8864
5.60 193.8864
5.61 193.8864
5.62 193.1877
5.63 0.0000
5.64 0.0000
5.65 0.0000
5.66 0.0000
5.67 0.0000
5.68 0.0000
5.69 0.0000
5.70 0.0000
5.71 0.0000
5.72 0.0000
5.73 0.0000
5.74 0.0000
5.75 0.0000
5.76 0.0000
5.77 0.0000
5.78 0.0000
5.79 0.0000
5.80 249.6307
5.81 250.5335
5.82 250.5335
5.83 250.5335
5.84 251.4396
5.85 251.4396
5.86 251.4396
5.87 251.4396
5.88 251.4396
5.89 251.4396
5.90 251.4396
5.91 251.4396
5.92 252.3490
5.93 253.2616
5.94 254.1776
5.95 255.0969
5.96 256.0195
5.97 256.0195
5.98 256.0195
5.99 256.0195
6.00 255.0969
6.01 254.1776
6.02 254.1776
6.03 254.1776
6.04 254.1776
6.05 254.1776
6.06 254.1776
6.07 254.1776
6.08 254.1776
6.09 254.1776
6.10 254.1776
6.11 254.1776
6.12 254.1776
6.13 254.1776
6.14 253.2616
6.15 253.2616
6.16 252.3490
6.17 252.3490
6.18 252.3490
6.19 252.3490
6.20 252.3490
6.21 252.3490
6.22 252.3490
6.23 252.3490
6.24 252.3490
6.25 252.3490
6.26 252.3490
6.27 252.3490
6.28 252.3490
6.29 253.2616
6.30 253.2616
6.31 253.2616
6.32 253.2616
6.33 253.2616
6.34 253.2616
6.35 253.2616
6.36 253.2616
6.37 253.2616
6.38 253.2616
6.39 253.2616
6.40 253.2616
6.41 252.3490
6.42 252.3490
6.43 250.5335
6.44 249.6307
6.45 248.7311
6.46 246.0518
6.47 0.0000
6.48 0.0000
6.49 0.0000
6.50 0.0000
6.51 0.0000
6.52 0.0000
6.53 0.0000
6.54 0.0000
6.55 0.0000
6.56 0.0000
6.57 0.0000
6.58 0.0000
6.59 0.0000
6.60 0.0000
6.61 0.0000
6.62 226.4465
6.63 226.4465
6.64 226.4465
6.65 226.4465
6.66 227.2655
6.67 227.2655
6.68 227.2655
6.69 227.2655
6.70 227.2655
6.71 227.2655
6.72 228.0874
6.73 228.0874
6.74 228.0874
6.75 228.0874
6.76 228.0874
6.77 228.0874
6.78 228.0874
6.79 228.0874
6.80 228.0874
6.81 228.0874
6.82 228.0874
6.83 228.0874
6.84 228.0874
6.85 228.9123
6.86 229.7402
6.87 230.5711
6.88 230.5711
6.89 230.5711
6.90 230.5711
6.91 231.4050
6.92 231.4050
6.93 231.4050
6.94 230.5711
6.95 230.5711
6.96 230.5711
6.97 230.5711
6.98 230.5711
6.99 230.5711
7.00 230.5711
7.01 230.5711
7.02 230.5711
7.03 231.4050
7.04 231.4050
7.05 232.2419
7.06 233.0819
7.07 233.9249
7.08 234.7709
7.09 234.7709
7.10 234.7709
7.11 234.7709
7.12 233.9249
7.13 231.4050
7.14 230.5711
7.15 230.5711
7.16 230.5711
7.17 230.5711
7.18 230.5711
7.19 230.5711
7.20 230.5711
7.21 230.5711
7.22 230.5711
7.23 230.5711
7.24 230.5711
7.25 230.5711
7.26 230.5711
7.27 230.5711
7.28 229.7402
7.29 229.7402
7.30 0.0000
7.31 0.0000
7.32 0.0000
7.33 0.0000
7.34 0.0000
7.35 0.0000
7.36 0.0000
7.37 0.0000
7.38 0.0000
7.39 0.0000
7.40 0.0000
7.41 0.0000
7.42 0.0000
7.43 0.0000
7.44 0.0000
7.45 0.0000
7.46 0.0000
7.47 0.0000
7.48 0.0000
7.49 148.4313
7.50 148.9681
7.51 148.9681
7.52 149.5069
7.53 149.5069
7.54 150.0476
7.55 150.5903
7.56 151.1349
7.57 151.6815
7.58 152.2301
7.59 152.7807
7.60 153.3332
7.61 153.8878
7.62 155.0029
7.63 155.5635
7.64 155.5635
7.65 155.5635
7.66 155.0029
7.67 155.0029
7.68 155.0029
7.69 154.4443
7.70 154.4443
7.71 154.4443
7.72 154.4443
7.73 154.4443
7.74 153.8878
7.75 153.8878
7.76 153.8878
7.77 153.8878
7.78 153.8878
7.79 153.8878
7.80 154.4443
7.81 154.4443
7.82 154.4443
7.83 155.0029
7.84 155.5635
7.85 155.5635
7.86 156.1261
7.87 156.6908
7.88 156.6908
7.89 156.6908
7.90 157.2575
7.91 157.2575
7.92 157.2575
7.93 157.8262
7.94 157.8262
7.95 157.8262
7.96 157.8262
7.97 157.2575
7.98 156.6908
7.99 156.6908
8.00 156.1261
8.01 155.5635
8.02 155.5635
8.03 155.0029
8.04 154.4443
8.05 154.4443
8.06 154.4443
8.07 153.8878
8.08 153.8878
8.09 153.8878
8.10 153.8878
8.11 153.3332
8.12 153.3332
8.13 153.3332
8.14 153.8878
8.15 153.8878
8.16 153.8878
8.17 153.8878
8.18 153.8878
8.19 154.4443
8.20 154.4443
8.21 154.4443
8.22 0.0000
8.23 0.0000
8.24 0.0000
8.25 0.0000
8.26 0.0000
8.27 0.0000
8.28 0.0000
8.29 0.0000
8.30 0.0000
8.31 0.0000
8.32 0.0000
8.33 0.0000
8.34 154.4443
8.35 154.4443
8.36 154.4443
8.37 152.7807
8.38 152.2301
8.39 152.2301
8.40 151.6815
8.41 151.6815
8.42 151.6815
8.43 151.6815
8.44 151.6815
8.45 151.6815
8.46 151.6815
8.47 151.1349
8.48 151.1349
8.49 151.1349
8.50 151.1349
8.51 151.1349
8.52 151.1349
8.53 151.1349
8.54 150.5903
8.55 150.5903
8.56 150.5903
8.57 150.0476
8.58 150.0476
8.59 150.0476
8.60 148.9681
8.61 148.9681
8.62 148.4313
8.63 148.4313
8.64 148.4313
8.65 148.4313
8.66 148.9681
8.67 150.0476
8.68 150.0476
8.69 150.0476
8.70 150.0476
8.71 150.0476
8.72 150.0476
8.73 150.0476
8.74 150.0476
8.75 150.0476
8.76 150.0476
8.77 150.5903
8.78 150.5903
8.79 150.5903
8.80 150.0476
8.81 150.0476
8.82 150.0476
8.83 150.0476
8.84 150.0476
8.85 150.0476
8.86 150.5903
8.87 150.5903
8.88 150.5903
8.89 150.5903
8.90 151.1349
8.91 151.1349
8.92 151.1349
8.93 151.1349
8.94 151.6815
8.95 151.6815
8.96 152.2301
8.97 152.2301
8.98 152.2301
8.99 152.7807
9.00 152.7807
9.01 152.7807
9.02 152.7807
9.03 152.7807
9.04 152.7807
9.05 152.7807
9.06 152.7807
9.07 152.7807
9.08 0.0000
9.09 0.0000
9.10 0.0000
9.11 0.0000
9.12 0.0000
9.13 0.0000
9.14 0.0000
9.15 0.0000
9.16 162.4509
9.17 162.4509
9.18 162.4509
9.19 162.4509
9.20 161.8655
9.21 161.2822
9.22 160.1219
9.23 160.1219
9.24 159.5448
9.25 158.9699
9.26 158.3970
9.27 157.8262
9.28 156.1261
9.29 155.5635
9.30 155.0029
9.31 155.0029
9.32 154.4443
9.33 154.4443
9.34 154.4443
9.35 154.4443
9.36 153.8878
9.37 153.3332
9.38 153.3332
9.39 153.3332
9.40 153.3332
9.41 153.8878
9.42 154.4443
9.43 155.0029
9.44 155.5635
9.45 157.2575
9.46 157.8262
9.47 157.8262
9.48 157.8262
9.49 157.2575
9.50 156.6908
9.51 156.6908
9.52 156.6908
9.53 157.2575
9.54 157.2575
9.55 157.8262
9.56 157.8262
9.57 160.1219
9.58 165.4099
9.59 166.0081
9.60 166.6085
9.61 169.0319
9.62 169.0319
9.63 169.0319
9.64 168.4227
9.65 167.8158
9.66 167.8158
9.67 167.8158
9.68 167.8158
9.69 167.8158
9.70 167.8158
9.71 167.8158
9.72 167.8158
9.73 167.8158
9.74 168.4227
9.75 169.0319
9.76 169.6432
9.77 170.2567
9.78 170.2567
9.79 170.2567
9.80 170.8725
9.81 171.4905
9.82 172.1107
9.83 172.1107
9.84 172.1107
9.85 172.1107
9.86 171.4905
9.87 171.4905
9.88 171.4905
9.89 171.4905
9.90 170.8725
9.91 170.8725
9.92 0.0000
9.93 0.0000
9.94 0.0000
9.95 0.0000
9.96 0.0000
9.97 0.0000
9.98 0.0000
9.99 0.0000
10.00 0.0000
10.01 0.0000
10.02 0.0000
10.03 0.0000
10.04 152.7807
10.05 152.7807
10.06 152.7807
10.07 152.2301
10.08 152.2301
10.09 152.2301
10.10 152.7807
10.11 153.3332
10.12 153.3332
10.13 153.3332
10.14 153.8878
10.15 153.8878
10.16 153.8878
10.17 154.4443
10.18 154.4443
10.19 154.4443
10.20 154.4443
10.21 154.4443
10.22 154.4443
10.23 153.8878
10.24 153.3332
10.25 153.3332
10.26 152.7807
10.27 152.7807
10.28 152.2301
10.29 152.2301
10.30 151.6815
10.31 151.6815
10.32 151.6815
10.33 152.2301
10.34 152.7807
10.35 152.7807
10.36 153.3332
10.37 155.0029
10.38 155.0029
10.39 155.0029
10.40 0.0000
10.41 0.0000
10.42 0.0000
10.43 0.0000
10.44 0.0000
10.45 0.0000
10.46 0.0000
10.47 0.0000
10.48 0.0000
10.49 0.0000
10.50 0.0000
10.51 0.0000
10.52 0.0000
10.53 0.0000
10.54 0.0000
10.55 0.0000
10.56 0.0000
10.57 0.0000
10.58 0.0000
10.59 0.0000
10.60 0.0000
10.61 0.0000
10.62 0.0000
10.63 0.0000
10.64 0.0000
10.65 0.0000
10.66 0.0000
10.67 0.0000
10.68 0.0000
10.69 0.0000
10.70 0.0000
10.71 0.0000
10.72 0.0000
10.73 0.0000
10.74 0.0000
10.75 0.0000
10.76 0.0000
10.77 0.0000
10.78 0.0000
10.79 0.0000
10.80 0.0000
10.81 0.0000
10.82 0.0000
10.83 0.0000
10.84 0.0000
10.85 147.3634
10.86 147.3634
10.87 147.3634
10.88 147.3634
10.89 147.3634
10.90 148.4313
10.91 151.1349
10.92 151.6815
10.93 152.7807
10.94 152.7807
10.95 152.7807
10.96 152.7807
10.97 153.3332
10.98 153.3332
10.99 153.3332
11.00 153.3332
11.01 153.3332
11.02 153.3332
11.03 153.3332
11.04 153.3332
11.05 153.3332
11.06 152.7807
11.07 152.7807
11.08 152.2301
11.09 151.1349
11.10 151.1349
11.11 151.1349
11.12 151.1349
11.13 151.1349
11.14 151.6815
11.15 151.6815
11.16 151.6815
11.17 151.6815
11.18 151.6815
11.19 151.6815
11.20 151.6815
11.21 151.6815
11.22 151.6815
11.23 152.2301
11.24 152.2301
11.25 152.7807
11.26 152.7807
11.27 152.7807
11.28 152.7807
11.29 152.7807
11.30 152.7807
11.31 152.2301
11.32 151.6815
11.33 151.6815
11.34 151.6815
11.35 151.6815
11.36 151.6815
11.37 151.6815
11.38 151.6815
11.39 151.6815
11.40 151.6815
11.41 152.2301
11.42 152.2301
11.43 152.2301
11.44 151.6815
11.45 151.6815
11.46 151.1349
11.47 150.0476
11.48 150.0476
11.49 150.0476
11.50 150.0476
11.51 150.0476
11.52 150.0476
11.53 150.5903
11.54 150.5903
11.55 151.1349
11.56 151.1349
11.57 151.1349
11.58 151.1349
11.59 0.0000
11.60 0.0000
11.61 0.0000
11.62 0.0000
11.63 0.0000
11.64 0.0000
11.65 0.0000
11.66 0.0000
11.67 0.0000
11.68 0.0000
11.69 0.0000
11.70 0.0000
11.71 0.0000
11.72 0.0000
11.73 0.0000
11.74 0.0000
11.75 0.0000
11.76 0.0000
11.77 0.0000
11.78 0.0000
11.79 239.9117
11.80 239.9117
11.81 239.9117
11.82 239.9117
11.83 239.0471
11.84 238.1857
11.85 238.1857
11.86 238.1857
11.87 238.1857
11.88 238.1857
11.89 238.1857
11.90 238.1857
11.91 238.1857
11.92 238.1857
11.93 238.1857
11.94 238.1857
11.95 238.1857
11.96 238.1857
11.97 238.1857
11.98 238.1857
11.99 238.1857
12.00 238.1857
12.01 238.1857
12.02 237.3274
12.03 237.3274
12.04 236.4721
12.05 235.6200
12.06 235.6200
12.07 235.6200
12.08 236.4721
12.09 236.4721
12.10 237.3274
12.11 237.3274
12.12 237.3274
12.13 236.4721
12.14 236.4721
12.15 235.6200
12.16 235.6200
12.17 235.6200
12.18 235.6200
12.19 235.6200
12.20 236.4721
12.21 236.4721
12.22 237.3274
12.23 237.3274
12.24 237.3274
12.25 237.3274
12.26 237.3274
12.27 238.1857
12.28 238.1857
12.29 238.1857
12.30 239.0471
12.31 239.0471
12.32 239.9117
12.33 239.9117
12.34 239.9117
12.35 239.9117
12.36 239.9117
12.37 239.9117
12.38 239.9117
12.39 239.9117
12.40 239.9117
12.41 239.9117
12.42 239.0471
12.43 239.0471
12.44 238.1857
12.45 238.1857
12.46 238.1857
12.47 238.1857
12.48 238.1857
12.49 237.3274
12.50 237.3274
12.51 236.4721
12.52 236.4721
12.53 235.6200
12.54 235.6200
12.55 233.9249
12.56 233.0819
12.57 231.4050
12.58 229.7402
12.59 0.0000
12.60 0.0000
12.61 0.0000
12.62 0.0000
12.63 0.0000
12.64 0.0000
12.65 0.0000
12.66 0.0000
12.67 0.0000
12.68 0.0000
12.69 0.0000
12.70 0.0000
12.71 0.0000
12.72 0.0000
12.73 0.0000
12.74 0.0000
12.75 0.0000
12.76 0.0000
12.77 0.0000
12.78 0.0000
12.79 0.0000
12.80 0.0000
12.81 0.0000
12.82 0.0000
12.83 0.0000
12.84 0.0000
12.85 0.0000
12.86 0.0000
12.87 0.0000
12.88 0.0000
12.89 0.0000
12.90 0.0000
12.91 0.0000
12.92 0.0000
12.93 0.0000
12.94 0.0000
12.95 0.0000
12.96 0.0000
12.97 0.0000
12.98 0.0000
12.99 0.0000
13.00 0.0000
13.01 0.0000
13.02 0.0000
13.03 0.0000
13.04 0.0000
13.05 0.0000
13.06 0.0000
13.07 0.0000
13.08 0.0000
13.09 209.1571
13.10 211.4347
13.11 212.9668
13.12 212.9668
13.13 212.9668
13.14 212.9668
13.15 212.9668
13.16 212.9668
13.17 212.9668
13.18 212.1993
13.19 212.1993
13.20 210.6727
13.21 209.1571
13.22 206.9040
13.23 206.1584
13.24 205.4155
13.25 205.4155
13.26 205.4155
13.27 206.1584
13.28 206.9040
13.29 206.9040
13.30 206.9040
13.31 206.1584
13.32 0.0000
13.33 0.0000
13.34 0.0000
13.35 0.0000
13.36 0.0000
13.37 0.0000
13.38 0.0000
13.39 0.0000
13.40 0.0000
13.41 0.0000
13.42 0.0000
13.43 0.0000
13.44 0.0000
13.45 0.0000
13.46 0.0000
13.47 0.0000
13.48 0.0000
13.49 206.1584
13.50 206.1584
13.51 206.1584
13.52 206.1584
13.53 206.1584
13.54 205.4155
13.55 205.4155
13.56 205.4155
13.57 205.4155
13.58 206.1584
13.59 206.1584
13.60 206.1584
13.61 206.1584
13.62 206.9040
13.63 206.9040
13.64 207.6523
13.65 208.4034
13.66 209.1571
13.67 209.1571
13.68 209.1571
13.69 210.6727
13.70 211.4347
13.71 212.9668
13.72 212.9668
13.73 212.9668
13.74 212.9668
13.75 212.1993
13.76 211.4347
13.77 206.1584
13.78 205.4155
13.79 203.2028
13.80 201.7409
13.81 200.2895
13.82 200.2895
13.83 200.2895
13.84 200.2895
13.85 200.2895
13.86 201.7409
13.87 201.7409
13.88 201.7409
13.89 201.7409
13.90 201.0139
13.91 201.0139
13.92 200.2895
13.93 200.2895
13.94 199.5677
13.95 199.5677
13.96 199.5677
13.97 199.5677
13.98 200.2895
13.99 200.2895
14.00 200.2895
14.01 200.2895
14.02 200.2895
14.03 200.2895
14.04 200.2895
14.05 199.5677
14.06 198.8486
14.07 198.1320
14.08 0.0000
14.09 0.0000
14.10 0.0000
14.11 0.0000
14.12 0.0000
14.13 0.0000
14.14 0.0000
14.15 0.0000
14.16 0.0000
14.17 0.0000
14.18 0.0000
14.19 0.0000
14.20 0.0000
14.21 0.0000
14.22 0.0000
14.23 0.0000
14.24 0.0000
14.25 0.0000
14.26 149.5069
14.27 149.5069
14.28 149.5069
14.29 147.8964
14.30 147.8964
14.31 147.8964
14.32 147.8964
14.33 147.8964
14.34 147.8964
14.35 148.4313
14.36 148.9681
14.37 149.5069
14.38 150.0476
14.39 151.1349
14.40 151.6815
14.41 152.2301
14.42 152.7807
14.43 153.3332
14.44 153.3332
14.45 153.8878
14.46 154.4443
14.47 154.4443
14.48 155.0029
14.49 155.0029
14.50 155.0029
14.51 155.0029
14.52 154.4443
14.53 154.4443
14.54 154.4443
14.55 154.4443
14.56 154.4443
14.57 153.3332
14.58 153.3332
14.59 152.7807
14.60 152.7807
14.61 152.2301
14.62 152.2301
14.63 152.2301
14.64 152.2301
14.65 152.2301
14.66 152.7807
14.67 152.7807
14.68 153.3332
14.69 153.3332
14.70 154.4443
14.71 155.0029
14.72 155.5635
14.73 156.1261
14.74 156.1261
14.75 156.1261
14.76 156.1261
14.77 155.5635
14.78 155.5635
14.79 155.5635
14.80 155.5635
14.81 155.5635
14.82 155.5635
14.83 155.5635
14.84 155.5635
14.85 155.5635
14.86 155.5635
14.87 155.5635
14.88 155.5635
14.89 156.1261
14.90 156.1261
14.91 156.1261
14.92 155.5635
14.93 155.5635
14.94 155.0029
14.95 155.0029
14.96 154.4443
14.97 153.8878
14.98 153.3332
14.99 153.3332
15.00 152.7807
15.01 152.7807
15.02 152.7807
15.03 152.7807
15.04 153.3332
15.05 153.3332
15.06 153.3332
15.07 153.8878
15.08 154.4443
15.09 155.5635
15.10 156.6908
15.11 157.8262
15.12 157.8262
15.13 157.8262
15.14 0.0000
15.15 0.0000
15.16 0.0000
15.17 0.0000
15.18 0.0000
15.19 0.0000
15.20 0.0000
15.21 0.0000
15.22 0.0000
15.23 119.0929
15.24 119.0929
15.25 119.0929
15.26 119.0929
15.27 118.2361
15.28 115.7025
15.29 115.7025
15.30 115.7025
15.31 115.2856
15.32 0.0000
15.33 0.0000
15.34 0.0000
15.35 0.0000
15.36 0.0000
15.37 0.0000
15.38 0.0000
15.39 0.0000
15.40 0.0000
15.41 0.0000
15.42 0.0000
15.43 0.0000
15.44 0.0000
15.45 0.0000
15.46 0.0000
15.47 0.0000
15.48 0.0000
15.49 0.0000
