0.00 0.0000
0.01 0.0000
0.02 0.0000
0.03 0.0000
0.04 0.0000
0.05 0.0000
0.06 0.0000
0.07 0.0000
0.08 0.0000
0.09 0.0000
0.10 0.0000
0.11 0.0000
0.12 0.0000
0.13 0.0000
0.14 0.0000
0.15 0.0000
0.16 0.0000
0.17 0.0000
0.18 0.0000
0.19 0.0000
0.20 0.0000
0.21 0.0000
0.22 0.0000
0.23 0.0000
0.24 0.0000
0.25 0.0000
0.26 0.0000
0.27 0.0000
0.28 0.0000
0.29 0.0000
0.30 0.0000
0.31 0.0000
0.32 0.0000
0.33 0.0000
0.34 0.0000
0.35 0.0000
0.36 0.0000
0.37 0.0000
0.38 0.0000
0.39 0.0000
0.40 0.0000
0.41 0.0000
0.42 0.0000
0.43 0.0000
0.44 0.0000
0.45 0.0000
0.46 0.0000
0.47 0.0000
0.48 0.0000
0.49 0.0000
0.50 0.0000
0.51 0.0000
0.52 0.0000
0.53 0.0000
0.54 0.0000
0.55 0.0000
0.56 0.0000
0.57 0.0000
0.58 0.0000
0.59 0.0000
0.60 0.0000
0.61 0.0000
0.62 0.0000
0.63 0.0000
0.64 0.0000
0.65 0.0000
0.66 0.0000
0.67 0.0000
0.68 219.2072
0.69 220.0000
0.70 220.7957
0.71 221.5942
0.72 222.3956
0.73 224.0072
0.74 224.8174
0.75 225.6305
0.76 225.6305
0.77 225.6305
0.78 224.8174
0.79 222.3956
0.80 221.5942
0.81 0.0000
0.82 0.0000
0.83 0.0000
0.84 0.0000
0.85 0.0000
0.86 0.0000
0.87 0.0000
0.88 0.0000
0.89 0.0000
0.90 0.0000
0.91 0.0000
0.92 0.0000
0.93 206.1584
0.94 206.1584
0.95 206.1584
0.96 206.1584
0.97 206.1584
0.98 206.9040
0.99 206.9040
1.00 207.6523
1.01 208.4034
1.02 211.4347
1.03 212.1993
1.04 216.8459
1.05 216.8459
1.06 216.8459
1.07 216.8459
1.08 216.8459
1.09 216.8459
1.10 216.8459
1.11 216.8459
1.12 217.6302
1.13 217.6302
1.14 217.6302
1.15 217.6302
1.16 217.6302
1.17 217.6302
1.18 217.6302
1.19 217.6302
1.20 217.6302
1.21 217.6302
1.22 217.6302
1.23 217.6302
1.24 217.6302
1.25 217.6302
1.26 217.6302
1.27 217.6302
1.28 217.6302
1.29 216.8459
1.30 216.0645
1.31 215.2859
1.32 214.5100
1.33 213.7370
1.34 213.7370
1.35 213.7370
1.36 213.7370
1.37 213.7370
1.38 213.7370
1.39 213.7370
1.40 213.7370
1.41 212.9668
1.42 212.1993
1.43 212.1993
1.44 212.1993
1.45 212.9668
1.46 213.7370
1.47 215.2859
1.48 216.0645
1.49 216.8459
1.50 216.8459
1.51 216.8459
1.52 215.2859
1.53 215.2859
1.54 215.2859
1.55 213.7370
1.56 213.7370
1.57 213.7370
1.58 213.7370
1.59 213.7370
1.60 212.9668
1.61 212.9668
1.62 212.9668
1.63 213.7370
1.64 213.7370
1.65 213.7370
1.66 213.7370
1.67 213.7370
1.68 213.7370
1.69 212.1993
1.70 212.1993
1.71 212.1993
1.72 217.6302
1.73 217.6302
1.74 217.6302
1.75 213.7370
1.76 211.4347
1.77 0.0000
1.78 0.0000
1.79 0.0000
1.80 0.0000
1.81 0.0000
1.82 0.0000
1.83 0.0000
1.84 0.0000
1.85 0.0000
1.86 0.0000
1.87 0.0000
1.88 0.0000
1.89 224.0072
1.90 224.0072
1.91 224.0072
1.92 223.2000
1.93 221.5942
1.94 220.0000
1.95 218.4173
1.96 217.6302
1.97 216.8459
1.98 216.8459
1.99 216.8459
2.00 216.8459
2.01 216.8459
2.02 217.6302
2.03 217.6302
2.04 217.6302
2.05 217.6302
2.06 218.4173
2.07 218.4173
2.08 219.2072
2.09 220.0000
2.10 220.0000
2.11 221.5942
2.12 222.3956
2.13 222.3956
2.14 226.4465
2.15 231.4050
2.16 237.3274
2.17 254.1776
2.18 255.0969
2.19 258.8073
2.20 260.6828
2.21 262.5718
2.22 262.5718
2.23 262.5718
2.24 262.5718
2.25 260.6828
2.26 258.8073
2.27 258.8073
2.28 258.8073
2.29 258.8073
2.30 259.7434
2.31 259.7434
2.32 260.6828
2.33 260.6828
2.34 260.6828
2.35 260.6828
2.36 260.6828
2.37 262.5718
2.38 262.5718
2.39 263.5214
2.40 264.4745
2.41 264.4745
2.42 264.4745
2.43 264.4745
2.44 264.4745
2.45 264.4745
2.46 263.5214
2.47 262.5718
2.48 259.7434
2.49 259.7434
2.50 259.7434
2.51 259.7434
2.52 259.7434
2.53 259.7434
2.54 259.7434
2.55 259.7434
2.56 259.7434
2.57 259.7434
2.58 259.7434
2.59 258.8073
2.60 256.9454
2.61 254.1776
2.62 248.7311
2.63 244.2816
2.64 241.6502
2.65 240.7794
2.66 235.6200
2.67 175.8794
2.68 175.2456
2.69 174.6141
2.70 174.6141
2.71 174.6141
2.72 173.9849
2.73 172.7332
2.74 172.7332
2.75 172.7332
2.76 173.3579
2.77 173.9849
2.78 173.9849
2.79 174.6141
2.80 174.6141
2.81 174.6141
2.82 174.6141
2.83 174.6141
2.84 173.9849
2.85 172.7332
2.86 172.1107
2.87 172.1107
2.88 172.1107
2.89 172.7332
2.90 172.7332
2.91 173.3579
2.92 173.3579
2.93 173.3579
2.94 173.3579
2.95 172.7332
2.96 171.4905
2.97 170.8725
2.98 170.2567
2.99 167.2111
3.00 167.2111
3.01 167.2111
3.02 168.4227
3.03 169.6432
3.04 170.8725
3.05 172.1107
3.06 172.7332
3.07 173.9849
3.08 175.2456
3.09 175.8794
3.10 177.7946
3.11 178.4377
3.12 178.4377
3.13 178.4377
3.14 178.4377
3.15 177.1539
3.16 175.2456
3.17 171.4905
3.18 170.8725
3.19 163.6281
3.20 163.0384
3.21 163.0384
3.22 163.0384
3.23 164.8138
3.24 166.0081
3.25 166.6085
3.26 169.6432
3.27 171.4905
3.28 175.2456
3.29 175.8794
3.30 175.8794
3.31 175.8794
3.32 175.2456
3.33 174.6141
3.34 171.4905
3.35 170.8725
3.36 170.2567
3.37 168.4227
3.38 163.0384
3.39 163.0384
3.40 163.0384
3.41 163.0384
3.42 166.6085
3.43 169.6432
3.44 172.1107
3.45 174.6141
3.46 175.8794
3.47 176.5155
3.48 176.5155
3.49 176.5155
3.50 175.8794
3.51 174.6141
3.52 171.4905
3.53 170.8725
3.54 169.0319
3.55 166.6085
3.56 166.0081
3.57 166.0081
3.58 166.0081
3.59 166.6085
3.60 167.2111
3.61 168.4227
3.62 169.6432
3.63 170.8725
3.64 172.7332
3.65 173.3579
3.66 174.6141
3.67 175.8794
3.68 176.5155
3.69 177.7946
3.70 177.7946
3.71 177.7946
3.72 0.0000
3.73 0.0000
3.74 0.0000
3.75 0.0000
3.76 0.0000
3.77 0.0000
3.78 0.0000
3.79 0.0000
3.80 0.0000
3.81 0.0000
3.82 0.0000
3.83 0.0000
3.84 0.0000
3.85 0.0000
3.86 0.0000
3.87 0.0000
3.88 0.0000
3.89 0.0000
3.90 0.0000
3.91 0.0000
3.92 0.0000
3.93 0.0000
3.94 0.0000
3.95 0.0000
3.96 0.0000
3.97 0.0000
3.98 0.0000
3.99 0.0000
4.00 0.0000
4.01 0.0000
4.02 0.0000
4.03 0.0000
4.04 0.0000
4.05 0.0000
4.06 0.0000
4.07 0.0000
4.08 0.0000
4.09 0.0000
4.10 0.0000
4.11 0.0000
4.12 0.0000
4.13 0.0000
4.14 0.0000
4.15 0.0000
4.16 0.0000
4.17 0.0000
4.18 0.0000
4.19 0.0000
4.20 0.0000
4.21 0.0000
4.22 0.0000
4.23 0.0000
4.24 0.0000
4.25 0.0000
4.26 0.0000
4.27 0.0000
4.28 0.0000
4.29 0.0000
4.30 0.0000
4.31 0.0000
4.32 0.0000
4.33 0.0000
4.34 0.0000
4.35 0.0000
4.36 0.0000
4.37 0.0000
4.38 0.0000
4.39 0.0000
4.40 0.0000
4.41 0.0000
4.42 0.0000
4.43 0.0000
4.44 0.0000
4.45 0.0000
4.46 0.0000
4.47 0.0000
4.48 0.0000
4.49 0.0000
4.50 0.0000
4.51 0.0000
4.52 0.0000
4.53 0.0000
4.54 0.0000
4.55 0.0000
4.56 0.0000
4.57 0.0000
4.58 0.0000
4.59 0.0000
4.60 193.8864
4.61 193.8864
4.62 194.5877
4.63 194.5877
4.64 194.5877
4.65 194.5877
4.66 194.5877
4.67 194.5877
4.68 194.5877
4.69 194.5877
4.70 194.5877
4.71 195.2914
4.72 195.2914
4.73 195.2914
4.74 195.9977
4.75 195.9977
4.76 195.9977
4.77 196.7066
4.78 196.7066
4.79 196.7066
4.80 196.7066
4.81 196.7066
4.82 196.7066
4.83 196.7066
4.84 196.7066
4.85 195.9977
4.86 195.9977
4.87 195.9977
4.88 195.9977
4.89 195.2914
4.90 195.2914
4.91 195.2914
4.92 194.5877
4.93 194.5877
4.94 194.5877
4.95 194.5877
4.96 194.5877
4.97 194.5877
4.98 195.2914
4.99 195.2914
5.00 195.2914
5.01 195.2914
5.02 195.2914
5.03 195.9977
5.04 195.9977
5.05 195.9977
5.06 195.9977
5.07 195.9977
5.08 196.7066
5.09 197.4180
5.10 197.4180
5.11 197.4180
5.12 196.7066
5.13 196.7066
5.14 195.9977
5.15 195.9977
5.16 195.2914
5.17 194.5877
5.18 194.5877
5.19 194.5877
5.20 194.5877
5.21 195.2914
5.22 195.2914
5.23 195.2914
5.24 195.9977
5.25 195.9977
5.26 195.9977
5.27 194.5877
5.28 194.5877
5.29 193.8864
5.30 193.8864
5.31 193.1877
5.32 192.4916
5.33 191.7979
5.34 190.4180
5.35 189.7318
5.36 189.7318
5.37 189.7318
5.38 189.7318
5.39 189.0481
5.40 189.0481
5.41 189.0481
5.42 189.0481
5.43 189.7318
5.44 191.1067
5.45 191.1067
5.46 191.7979
5.47 192.4916
5.48 195.2914
5.49 195.9977
5.50 195.9977
5.51 195.9977
5.52 195.9977
5.53 195.9977
5.54 195.9977
5.55 195.9977
5.56 195.9977
5.57 196.7066
5.58 198.1320
5.59 198.8486
5.60 199.5677
5.61 200.2895
5.62 202.4705
5.63 204.6753
5.64 206.9040
5.65 209.1571
5.66 211.4347
5.67 212.9668
5.68 216.0645
5.69 218.4173
5.70 220.0000
5.71 220.7957
5.72 220.7957
5.73 220.7957
5.74 220.7957
5.75 220.0000
5.76 219.2072
5.77 218.4173
5.78 217.6302
5.79 217.6302
5.80 216.8459
5.81 216.0645
5.82 216.0645
5.83 216.0645
5.84 216.0645
5.85 216.0645
5.86 216.0645
5.87 216.0645
5.88 216.0645
5.89 216.8459
5.90 216.8459
5.91 216.8459
5.92 216.8459
5.93 216.8459
5.94 216.8459
5.95 216.8459
5.96 216.0645
5.97 215.2859
5.98 215.2859
5.99 215.2859
6.00 215.2859
6.01 215.2859
6.02 213.7370
6.03 213.7370
6.04 213.7370
6.05 213.7370
6.06 212.9668
6.07 212.9668
6.08 212.9668
6.09 212.9668
6.10 212.1993
6.11 212.1993
6.12 212.1993
6.13 212.9668
6.14 213.7370
6.15 214.5100
6.16 215.2859
6.17 215.2859
6.18 215.2859
6.19 215.2859
6.20 215.2859
6.21 215.2859
6.22 215.2859
6.23 0.0000
6.24 0.0000
6.25 0.0000
6.26 0.0000
6.27 0.0000
6.28 0.0000
6.29 0.0000
6.30 0.0000
6.31 0.0000
6.32 0.0000
6.33 0.0000
6.34 0.0000
6.35 0.0000
6.36 0.0000
6.37 0.0000
6.38 0.0000
6.39 0.0000
6.40 0.0000
6.41 0.0000
6.42 0.0000
6.43 0.0000
6.44 0.0000
6.45 0.0000
6.46 0.0000
6.47 0.0000
6.48 0.0000
6.49 0.0000
6.50 0.0000
6.51 0.0000
6.52 0.0000
6.53 0.0000
6.54 0.0000
6.55 0.0000
6.56 0.0000
6.57 0.0000
6.58 0.0000
6.59 0.0000
6.60 0.0000
6.61 0.0000
6.62 0.0000
6.63 142.1383
6.64 142.1383
6.65 142.1383
6.66 140.1005
6.67 140.1005
6.68 139.5956
6.69 139.5956
6.70 139.0926
6.71 139.0926
6.72 139.0926
6.73 139.0926
6.74 139.0926
6.75 139.0926
6.76 139.0926
6.77 139.0926
6.78 139.0926
6.79 139.0926
6.80 0.0000
6.81 0.0000
6.82 0.0000
6.83 0.0000
6.84 0.0000
6.85 135.6216
6.86 135.6216
6.87 135.6216
6.88 135.6216
6.89 135.1329
6.90 135.1329
6.91 135.1329
6.92 135.1329
6.93 135.1329
6.94 135.1329
6.95 135.1329
6.96 135.1329
6.97 135.1329
6.98 135.1329
6.99 135.1329
7.00 0.0000
7.01 0.0000
7.02 0.0000
7.03 0.0000
7.04 181.6878
7.05 181.6878
7.06 181.6878
7.07 180.3807
7.08 177.7946
7.09 177.7946
7.10 171.4905
7.11 171.4905
7.12 171.4905
7.13 137.0984
7.14 137.0984
7.15 137.0984
7.16 137.0984
7.17 137.0984
7.18 137.0984
7.19 137.0984
7.20 137.0984
7.21 137.0984
7.22 137.0984
7.23 137.0984
7.24 137.0984
7.25 137.0984
7.26 137.0984
7.27 137.0984
7.28 137.0984
7.29 137.0984
7.30 137.0984
7.31 135.6216
7.32 0.0000
7.33 0.0000
7.34 0.0000
7.35 0.0000
7.36 0.0000
7.37 0.0000
7.38 0.0000
7.39 0.0000
7.40 0.0000
7.41 0.0000
7.42 0.0000
7.43 0.0000
7.44 0.0000
7.45 0.0000
7.46 0.0000
7.47 0.0000
7.48 0.0000
7.49 0.0000
7.50 0.0000
7.51 0.0000
7.52 0.0000
7.53 0.0000
7.54 0.0000
7.55 0.0000
7.56 0.0000
7.57 0.0000
7.58 0.0000
7.59 0.0000
7.60 0.0000
7.61 0.0000
7.62 0.0000
7.63 0.0000
7.64 0.0000
7.65 0.0000
7.66 0.0000
7.67 0.0000
7.68 0.0000
7.69 0.0000
7.70 0.0000
7.71 0.0000
7.72 0.0000
7.73 0.0000
7.74 0.0000
7.75 0.0000
7.76 0.0000
7.77 0.0000
7.78 0.0000
7.79 0.0000
7.80 0.0000
7.81 0.0000
7.82 0.0000
7.83 0.0000
7.84 0.0000
7.85 0.0000
7.86 0.0000
7.87 0.0000
7.88 0.0000
7.89 0.0000
7.90 0.0000
7.91 0.0000
7.92 0.0000
7.93 0.0000
7.94 0.0000
7.95 0.0000
7.96 0.0000
7.97 0.0000
7.98 0.0000
7.99 0.0000
8.00 0.0000
8.01 0.0000
8.02 0.0000
8.03 0.0000
8.04 0.0000
8.05 0.0000
8.06 0.0000
8.07 0.0000
8.08 0.0000
8.09 0.0000
8.10 0.0000
8.11 0.0000
8.12 0.0000
8.13 0.0000
8.14 0.0000
8.15 0.0000
8.16 0.0000
8.17 0.0000
8.18 0.0000
8.19 0.0000
8.20 0.0000
8.21 0.0000
8.22 0.0000
8.23 0.0000
8.24 0.0000
8.25 0.0000
8.26 0.0000
8.27 0.0000
8.28 0.0000
8.29 0.0000
8.30 0.0000
8.31 0.0000
8.32 0.0000
8.33 0.0000
8.34 0.0000
8.35 0.0000
8.36 0.0000
8.37 169.0319
8.38 169.6432
8.39 169.6432
8.40 170.2567
8.41 170.8725
8.42 171.4905
8.43 171.4905
8.44 172.1107
8.45 172.1107
8.46 172.1107
8.47 172.7332
8.48 172.7332
8.49 172.7332
8.50 172.7332
8.51 172.7332
8.52 172.7332
8.53 173.3579
8.54 173.9849
8.55 174.6141
8.56 175.2456
8.57 175.8794
8.58 175.8794
8.59 175.8794
8.60 175.8794
8.61 175.8794
8.62 175.8794
8.63 175.8794
8.64 175.8794
8.65 175.8794
8.66 175.8794
8.67 175.8794
8.68 176.5155
8.69 176.5155
8.70 176.5155
8.71 176.5155
8.72 175.8794
8.73 175.8794
8.74 175.2456
8.75 175.2456
8.76 174.6141
8.77 174.6141
8.78 174.6141
8.79 174.6141
8.80 174.6141
8.81 174.6141
8.82 173.9849
8.83 173.3579
8.84 172.7332
8.85 172.7332
8.86 172.7332
8.87 172.1107
8.88 172.1107
8.89 172.1107
8.90 172.1107
8.91 172.1107
8.92 172.1107
8.93 172.1107
8.94 172.7332
8.95 172.7332
8.96 173.3579
8.97 173.3579
8.98 173.3579
8.99 175.8794
9.00 175.8794
9.01 175.8794
9.02 175.8794
9.03 175.8794
9.04 175.8794
9.05 0.0000
9.06 0.0000
9.07 0.0000
9.08 0.0000
9.09 0.0000
9.10 0.0000
9.11 0.0000
9.12 0.0000
9.13 0.0000
9.14 0.0000
9.15 0.0000
9.16 0.0000
9.17 0.0000
9.18 0.0000
9.19 0.0000
9.20 0.0000
9.21 0.0000
9.22 0.0000
9.23 0.0000
9.24 0.0000
9.25 200.2895
9.26 201.0139
9.27 201.0139
9.28 201.0139
9.29 200.2895
9.30 200.2895
9.31 200.2895
9.32 199.5677
9.33 199.5677
9.34 198.8486
9.35 198.8486
9.36 198.1320
9.37 198.1320
9.38 197.4180
9.39 197.4180
9.40 197.4180
9.41 197.4180
9.42 198.1320
9.43 198.1320
9.44 198.1320
9.45 198.8486
9.46 198.8486
9.47 198.8486
9.48 198.8486
9.49 198.8486
9.50 198.8486
9.51 198.1320
9.52 198.1320
9.53 197.4180
9.54 197.4180
9.55 195.9977
9.56 195.9977
9.57 195.9977
9.58 195.9977
9.59 195.9977
9.60 195.9977
9.61 195.2914
9.62 195.2914
9.63 195.2914
9.64 195.2914
9.65 195.9977
9.66 195.9977
9.67 195.9977
9.68 195.9977
9.69 195.9977
9.70 195.9977
9.71 195.9977
9.72 195.9977
9.73 195.9977
9.74 195.9977
9.75 195.9977
9.76 195.9977
9.77 195.9977
9.78 195.9977
9.79 195.9977
9.80 195.9977
9.81 195.9977
9.82 195.9977
9.83 195.9977
9.84 195.2914
9.85 195.2914
9.86 195.2914
9.87 195.2914
9.88 195.2914
9.89 195.2914
9.90 195.2914
9.91 195.9977
9.92 195.9977
9.93 195.9977
9.94 195.2914
9.95 195.2914
9.96 195.2914
9.97 195.2914
9.98 195.2914
9.99 194.5877
10.00 0.0000
10.01 0.0000
10.02 0.0000
10.03 0.0000
10.04 0.0000
10.05 0.0000
10.06 0.0000
10.07 0.0000
10.08 0.0000
10.09 0.0000
10.10 0.0000
10.11 0.0000
10.12 0.0000
10.13 0.0000
10.14 221.5942
10.15 221.5942
10.16 221.5942
10.17 221.5942
10.18 220.7957
10.19 220.7957
10.20 220.0000
10.21 220.0000
10.22 220.0000
10.23 218.4173
10.24 218.4173
10.25 218.4173
10.26 218.4173
10.27 218.4173
10.28 219.2072
10.29 219.2072
10.30 220.0000
10.31 220.0000
10.32 220.0000
10.33 220.7957
10.34 220.7957
10.35 220.7957
10.36 221.5942
10.37 221.5942
10.38 221.5942
10.39 220.7957
10.40 220.7957
10.41 220.0000
10.42 220.0000
10.43 219.2072
10.44 218.4173
10.45 217.6302
10.46 217.6302
10.47 217.6302
10.48 217.6302
10.49 218.4173
10.50 218.4173
10.51 219.2072
10.52 220.0000
10.53 220.7957
10.54 221.5942
10.55 221.5942
10.56 221.5942
10.57 220.7957
10.58 220.0000
10.59 220.0000
10.60 219.2072
10.61 218.4173
10.62 218.4173
10.63 217.6302
10.64 217.6302
10.65 217.6302
10.66 217.6302
10.67 217.6302
10.68 217.6302
10.69 217.6302
10.70 217.6302
10.71 217.6302
10.72 217.6302
10.73 217.6302
10.74 217.6302
10.75 218.4173
10.76 218.4173
10.77 219.2072
10.78 219.2072
10.79 219.2072
10.80 219.2072
10.81 218.4173
10.82 218.4173
10.83 218.4173
10.84 217.6302
10.85 0.0000
10.86 0.0000
10.87 0.0000
10.88 0.0000
10.89 0.0000
10.90 0.0000
10.91 0.0000
10.92 0.0000
10.93 0.0000
10.94 0.0000
10.95 0.0000
10.96 0.0000
10.97 0.0000
10.98 0.0000
10.99 0.0000
11.00 0.0000
11.01 0.0000
11.02 0.0000
11.03 0.0000
11.04 0.0000
11.05 0.0000
11.06 231.4050
11.07 231.4050
11.08 231.4050
11.09 231.4050
11.10 232.2419
11.11 233.0819
11.12 234.7709
11.13 237.3274
11.14 239.0471
11.15 241.6502
11.16 250.5335
11.17 254.1776
11.18 256.0195
11.19 257.8747
11.20 259.7434
11.21 260.6828
11.22 261.6256
11.23 261.6256
11.24 261.6256
11.25 261.6256
11.26 260.6828
11.27 259.7434
11.28 259.7434
11.29 259.7434
11.30 259.7434
11.31 259.7434
11.32 259.7434
11.33 260.6828
11.34 261.6256
11.35 262.5718
11.36 263.5214
11.37 264.4745
11.38 265.4310
11.39 265.4310
11.40 265.4310
11.41 265.4310
11.42 264.4745
11.43 263.5214
11.44 263.5214
11.45 263.5214
11.46 263.5214
11.47 262.5718
11.48 262.5718
11.49 262.5718
11.50 263.5214
11.51 263.5214
11.52 264.4745
11.53 265.4310
11.54 265.4310
11.55 265.4310
11.56 265.4310
11.57 265.4310
11.58 265.4310
11.59 265.4310
11.60 265.4310
11.61 265.4310
11.62 265.4310
11.63 265.4310
11.64 265.4310
11.65 265.4310
11.66 265.4310
11.67 265.4310
11.68 265.4310
11.69 264.4745
11.70 262.5718
11.71 261.6256
11.72 0.0000
11.73 0.0000
11.74 0.0000
11.75 0.0000
11.76 0.0000
11.77 0.0000
11.78 0.0000
11.79 0.0000
11.80 0.0000
11.81 0.0000
11.82 0.0000
11.83 0.0000
11.84 0.0000
11.85 0.0000
11.86 0.0000
11.87 0.0000
11.88 0.0000
11.89 0.0000
11.90 0.0000
11.91 0.0000
11.92 0.0000
11.93 0.0000
11.94 0.0000
11.95 195.9977
11.96 195.9977
11.97 195.9977
11.98 194.5877
11.99 194.5877
12.00 194.5877
12.01 194.5877
12.02 194.5877
12.03 195.2914
12.04 195.9977
12.05 196.7066
12.06 197.4180
12.07 197.4180
12.08 197.4180
12.09 197.4180
12.10 197.4180
12.11 197.4180
12.12 196.7066
12.13 196.7066
12.14 196.7066
12.15 196.7066
12.16 196.7066
12.17 196.7066
12.18 196.7066
12.19 196.7066
12.20 197.4180
12.21 198.1320
12.22 198.1320
12.23 198.1320
12.24 198.8486
12.25 198.8486
12.26 198.8486
12.27 198.8486
12.28 198.8486
12.29 198.8486
12.30 198.8486
12.31 198.8486
12.32 199.5677
12.33 199.5677
12.34 199.5677
12.35 199.5677
12.36 199.5677
12.37 199.5677
12.38 198.8486
12.39 198.8486
12.40 198.1320
12.41 197.4180
12.42 195.9977
12.43 195.9977
12.44 195.9977
12.45 195.9977
12.46 196.7066
12.47 196.7066
12.48 198.1320
12.49 198.8486
12.50 199.5677
12.51 200.2895
12.52 200.2895
12.53 201.7409
12.54 203.2028
12.55 203.9377
12.56 203.9377
12.57 203.9377
12.58 203.2028
12.59 202.4705
12.60 201.0139
12.61 201.0139
12.62 200.2895
12.63 199.5677
12.64 199.5677
12.65 199.5677
12.66 199.5677
12.67 199.5677
12.68 199.5677
12.69 199.5677
12.70 199.5677
12.71 200.2895
12.72 200.2895
12.73 200.2895
12.74 201.0139
12.75 201.0139
12.76 201.7409
12.77 202.4705
12.78 202.4705
12.79 203.2028
12.80 203.2028
12.81 203.2028
12.82 203.2028
12.83 203.2028
12.84 203.2028
12.85 203.2028
12.86 203.2028
12.87 203.2028
12.88 203.2028
12.89 203.2028
12.90 203.2028
12.91 202.4705
12.92 202.4705
12.93 202.4705
12.94 201.7409
12.95 201.7409
12.96 201.0139
12.97 200.2895
12.98 200.2895
12.99 200.2895
13.00 200.2895
13.01 200.2895
13.02 0.0000
13.03 0.0000
13.04 0.0000
13.05 0.0000
13.06 0.0000
13.07 0.0000
13.08 0.0000
13.09 0.0000
13.10 0.0000
13.11 0.0000
13.12 0.0000
13.13 0.0000
13.14 0.0000
13.15 0.0000
13.16 0.0000
13.17 0.0000
13.18 0.0000
13.19 0.0000
13.20 0.0000
13.21 0.0000
13.22 0.0000
13.23 0.0000
13.24 0.0000
13.25 0.0000
13.26 0.0000
13.27 0.0000
13.28 0.0000
13.29 0.0000
13.30 0.0000
13.31 0.0000
13.32 0.0000
13.33 0.0000
13.34 0.0000
13.35 0.0000
13.36 0.0000
13.37 0.0000
13.38 0.0000
13.39 0.0000
13.40 0.0000
13.41 0.0000
13.42 0.0000
13.43 0.0000
13.44 0.0000
13.45 0.0000
13.46 0.0000
13.47 0.0000
13.48 0.0000
13.49 0.0000
13.50 0.0000
13.51 0.0000
13.52 0.0000
13.53 0.0000
13.54 0.0000
13.55 0.0000
13.56 0.0000
13.57 0.0000
13.58 0.0000
13.59 0.0000
13.60 0.0000
13.61 0.0000
13.62 0.0000
13.63 0.0000
13.64 0.0000
13.65 0.0000
13.66 0.0000
13.67 0.0000
13.68 0.0000
13.69 0.0000
13.70 0.0000
13.71 0.0000
13.72 0.0000
13.73 0.0000
13.74 0.0000
13.75 0.0000
13.76 0.0000
13.77 0.0000
13.78 0.0000
13.79 0.0000
13.80 0.0000
13.81 0.0000
13.82 0.0000
13.83 0.0000
13.84 0.0000
13.85 0.0000
13.86 0.0000
13.87 0.0000
13.88 0.0000
13.89 0.0000
13.90 0.0000
13.91 0.0000
13.92 0.0000
13.93 0.0000
13.94 0.0000
13.95 0.0000
13.96 0.0000
13.97 0.0000
13.98 0.0000
13.99 0.0000
14.00 0.0000
14.01 0.0000
14.02 0.0000
14.03 0.0000
14.04 0.0000
14.05 0.0000
14.06 0.0000
14.07 0.0000
14.08 0.0000
14.09 0.0000
14.10 0.0000
14.11 0.0000
14.12 0.0000
14.13 0.0000
14.14 0.0000
14.15 0.0000
14.16 0.0000
14.17 0.0000
14.18 0.0000
14.19 0.0000
14.20 0.0000
14.21 0.0000
14.22 0.0000
14.23 0.0000
14.24 0.0000
14.25 0.0000
