0.00 0.0000
0.01 0.0000
0.02 0.0000
0.03 0.0000
0.04 0.0000
0.05 0.0000
0.06 0.0000
0.07 0.0000
0.08 0.0000
0.09 0.0000
0.10 0.0000
0.11 0.0000
0.12 0.0000
0.13 0.0000
0.14 0.0000
0.15 0.0000
0.16 0.0000
0.17 0.0000
0.18 0.0000
0.19 0.0000
0.20 0.0000
0.21 0.0000
0.22 0.0000
0.23 0.0000
0.24 0.0000
0.25 0.0000
0.26 0.0000
0.27 0.0000
0.28 0.0000
0.29 0.0000
0.30 0.0000
0.31 0.0000
0.32 0.0000
0.33 0.0000
0.34 0.0000
0.35 0.0000
0.36 0.0000
0.37 0.0000
0.38 0.0000
0.39 0.0000
0.40 0.0000
0.41 0.0000
0.42 0.0000
0.43 0.0000
0.44 0.0000
0.45 0.0000
0.46 0.0000
0.47 0.0000
0.48 0.0000
0.49 0.0000
0.50 0.0000
0.51 0.0000
0.52 0.0000
0.53 0.0000
0.54 0.0000
0.55 0.0000
0.56 0.0000
0.57 0.0000
0.58 0.0000
0.59 0.0000
0.60 0.0000
0.61 0.0000
0.62 249.6307
0.63 249.6307
0.64 249.6307
0.65 249.6307
0.66 249.6307
0.67 249.6307
0.68 250.5335
0.69 250.5335
0.70 250.5335
0.71 250.5335
0.72 250.5335
0.73 250.5335
0.74 250.5335
0.75 250.5335
0.76 251.4396
0.77 251.4396
0.78 251.4396
0.79 251.4396
0.80 251.4396
0.81 250.5335
0.82 249.6307
0.83 246.9417
0.84 243.4013
0.85 0.0000
0.86 0.0000
0.87 0.0000
0.88 0.0000
0.89 0.0000
0.90 0.0000
0.91 0.0000
0.92 0.0000
0.93 193.8864
0.94 194.5877
0.95 196.7066
0.96 198.8486
0.97 200.2895
0.98 201.0139
0.99 201.0139
1.00 201.0139
1.01 201.7409
1.02 201.7409
1.03 202.4705
1.04 202.4705
1.05 202.4705
1.06 202.4705
1.07 202.4705
1.08 202.4705
1.09 202.4705
1.10 203.2028
1.11 203.2028
1.12 203.9377
1.13 203.9377
1.14 203.9377
1.15 203.9377
1.16 203.2028
1.17 203.2028
1.18 0.0000
1.19 0.0000
1.20 0.0000
1.21 0.0000
1.22 0.0000
1.23 0.0000
1.24 0.0000
1.25 0.0000
1.26 0.0000
1.27 0.0000
1.28 0.0000
1.29 0.0000
1.30 0.0000
1.31 0.0000
1.32 148.4313
1.33 148.4313
1.34 148.4313
1.35 148.4313
1.36 148.4313
1.37 148.4313
1.38 148.4313
1.39 149.5069
1.40 151.1349
1.41 153.3332
1.42 153.8878
1.43 156.1261
1.44 157.2575
1.45 157.2575
1.46 157.2575
1.47 157.2575
1.48 156.6908
1.49 156.1261
1.50 155.0029
1.51 155.0029
1.52 155.0029
1.53 154.4443
1.54 153.3332
1.55 0.0000
1.56 0.0000
1.57 0.0000
1.58 0.0000
1.59 0.0000
1.60 0.0000
1.61 0.0000
1.62 0.0000
1.63 0.0000
1.64 157.8262
1.65 161.8655
1.66 161.8655
1.67 161.8655
1.68 161.8655
1.69 161.2822
1.70 160.1219
1.71 158.3970
1.72 158.3970
1.73 158.3970
1.74 158.9699
1.75 159.5448
1.76 160.1219
1.77 161.2822
1.78 161.2822
1.79 161.2822
1.80 160.7010
1.81 160.1219
1.82 158.9699
1.83 157.8262
1.84 157.8262
1.85 156.6908
1.86 154.4443
1.87 154.4443
1.88 154.4443
1.89 154.4443
1.90 0.0000
1.91 0.0000
1.92 0.0000
1.93 0.0000
1.94 0.0000
1.95 0.0000
1.96 0.0000
1.97 0.0000
1.98 0.0000
1.99 0.0000
2.00 0.0000
2.01 0.0000
2.02 0.0000
2.03 0.0000
2.04 0.0000
2.05 0.0000
2.06 0.0000
2.07 0.0000
2.08 0.0000
2.09 0.0000
2.10 0.0000
2.11 122.5825
2.12 122.5825
2.13 122.5825
2.14 121.7006
2.15 121.7006
2.16 121.7006
2.17 123.4708
2.18 123.4708
2.19 124.3655
2.20 124.3655
2.21 124.3655
2.22 125.2667
2.23 125.7198
2.24 125.7198
2.25 125.7198
2.26 0.0000
2.27 0.0000
2.28 0.0000
2.29 0.0000
2.30 0.0000
2.31 0.0000
2.32 0.0000
2.33 0.0000
2.34 0.0000
2.35 0.0000
2.36 0.0000
2.37 0.0000
2.38 0.0000
2.39 0.0000
2.40 161.2822
2.41 161.2822
2.42 161.2822
2.43 160.1219
2.44 160.1219
2.45 159.5448
2.46 158.9699
2.47 158.9699
2.48 158.9699
2.49 158.9699
2.50 158.9699
2.51 158.9699
2.52 158.9699
2.53 158.3970
2.54 157.8262
2.55 157.8262
2.56 157.2575
2.57 156.6908
2.58 156.1261
2.59 155.5635
2.60 155.5635
2.61 155.5635
2.62 155.5635
2.63 155.5635
2.64 0.0000
2.65 0.0000
2.66 0.0000
2.67 0.0000
2.68 0.0000
2.69 0.0000
2.70 0.0000
2.71 0.0000
2.72 0.0000
2.73 0.0000
2.74 0.0000
2.75 0.0000
2.76 0.0000
2.77 0.0000
2.78 0.0000
2.79 183.6663
2.80 184.3305
2.81 184.9972
2.82 184.9972
2.83 185.6663
2.84 186.3378
2.85 187.0117
2.86 187.0117
2.87 187.6881
2.88 187.6881
2.89 187.6881
2.90 187.6881
2.91 187.0117
2.92 187.0117
2.93 187.0117
2.94 186.3378
2.95 186.3378
2.96 186.3378
2.97 186.3378
2.98 186.3378
2.99 185.6663
3.00 185.6663
3.01 0.0000
3.02 0.0000
3.03 0.0000
3.04 0.0000
3.05 0.0000
3.06 0.0000
3.07 0.0000
3.08 0.0000
3.09 0.0000
3.10 154.4443
3.11 154.4443
3.12 154.4443
3.13 152.7807
3.14 151.1349
3.15 150.0476
3.16 148.9681
3.17 148.4313
3.18 148.4313
3.19 148.4313
3.20 148.9681
3.21 148.9681
3.22 149.5069
3.23 149.5069
3.24 150.0476
3.25 150.5903
3.26 151.1349
3.27 152.2301
3.28 152.7807
3.29 153.3332
3.30 153.8878
3.31 155.0029
3.32 155.5635
3.33 155.5635
3.34 155.5635
3.35 155.5635
3.36 155.5635
3.37 155.5635
3.38 155.5635
3.39 155.5635
3.40 155.5635
3.41 0.0000
3.42 0.0000
3.43 0.0000
3.44 0.0000
3.45 0.0000
3.46 0.0000
3.47 0.0000
3.48 0.0000
3.49 0.0000
3.50 0.0000
3.51 0.0000
3.52 0.0000
3.53 0.0000
3.54 0.0000
3.55 0.0000
3.56 0.0000
3.57 0.0000
3.58 0.0000
3.59 0.0000
3.60 0.0000
3.61 0.0000
3.62 0.0000
3.63 0.0000
3.64 0.0000
3.65 0.0000
3.66 0.0000
3.67 0.0000
3.68 0.0000
3.69 0.0000
3.70 0.0000
3.71 0.0000
3.72 0.0000
3.73 0.0000
3.74 0.0000
3.75 0.0000
3.76 0.0000
3.77 0.0000
3.78 0.0000
3.79 0.0000
3.80 0.0000
3.81 0.0000
3.82 0.0000
3.83 0.0000
3.84 0.0000
3.85 0.0000
3.86 0.0000
3.87 0.0000
3.88 0.0000
3.89 0.0000
3.90 0.0000
3.91 0.0000
3.92 0.0000
3.93 0.0000
3.94 0.0000
3.95 0.0000
3.96 0.0000
3.97 0.0000
3.98 0.0000
3.99 0.0000
4.00 0.0000
4.01 0.0000
4.02 0.0000
4.03 0.0000
4.04 0.0000
4.05 0.0000
4.06 0.0000
4.07 0.0000
4.08 0.0000
4.09 0.0000
4.10 0.0000
4.11 0.0000
4.12 0.0000
4.13 0.0000
4.14 0.0000
4.15 0.0000
4.16 0.0000
4.17 0.0000
4.18 0.0000
4.19 0.0000
4.20 0.0000
4.21 0.0000
4.22 0.0000
4.23 0.0000
4.24 0.0000
4.25 0.0000
4.26 0.0000
4.27 0.0000
4.28 0.0000
4.29 0.0000
4.30 0.0000
4.31 0.0000
4.32 0.0000
4.33 0.0000
4.34 0.0000
4.35 0.0000
4.36 0.0000
4.37 0.0000
4.38 0.0000
4.39 0.0000
4.40 0.0000
4.41 0.0000
4.42 0.0000
4.43 0.0000
4.44 0.0000
4.45 0.0000
4.46 0.0000
4.47 0.0000
4.48 0.0000
4.49 0.0000
4.50 0.0000
4.51 0.0000
4.52 0.0000
4.53 0.0000
4.54 0.0000
4.55 0.0000
4.56 0.0000
4.57 0.0000
4.58 0.0000
4.59 0.0000
4.60 0.0000
4.61 0.0000
4.62 0.0000
4.63 0.0000
4.64 0.0000
