0.00 0.0000
0.01 0.0000
0.02 0.0000
0.03 0.0000
0.04 0.0000
0.05 0.0000
0.06 0.0000
0.07 0.0000
0.08 0.0000
0.09 0.0000
0.10 0.0000
0.11 0.0000
0.12 0.0000
0.13 0.0000
0.14 0.0000
0.15 0.0000
0.16 0.0000
0.17 0.0000
0.18 0.0000
0.19 0.0000
0.20 0.0000
0.21 0.0000
0.22 0.0000
0.23 0.0000
0.24 0.0000
0.25 0.0000
0.26 0.0000
0.27 0.0000
0.28 0.0000
0.29 0.0000
0.30 0.0000
0.31 0.0000
0.32 0.0000
0.33 0.0000
0.34 0.0000
0.35 0.0000
0.36 0.0000
0.37 0.0000
0.38 0.0000
0.39 0.0000
0.40 0.0000
0.41 0.0000
0.42 0.0000
0.43 0.0000
0.44 0.0000
0.45 0.0000
0.46 0.0000
0.47 0.0000
0.48 0.0000
0.49 0.0000
0.50 0.0000
0.51 0.0000
0.52 0.0000
0.53 0.0000
0.54 0.0000
0.55 0.0000
0.56 0.0000
0.57 0.0000
0.58 0.0000
0.59 0.0000
0.60 0.0000
0.61 0.0000
0.62 0.0000
0.63 0.0000
0.64 0.0000
0.65 0.0000
0.66 0.0000
0.67 0.0000
0.68 0.0000
0.69 0.0000
0.70 0.0000
0.71 0.0000
0.72 0.0000
0.73 0.0000
0.74 0.0000
0.75 0.0000
0.76 0.0000
0.77 0.0000
0.78 0.0000
0.79 0.0000
0.80 0.0000
0.81 0.0000
0.82 0.0000
0.83 0.0000
0.84 0.0000
0.85 0.0000
0.86 0.0000
0.87 0.0000
0.88 0.0000
0.89 0.0000
0.90 0.0000
0.91 0.0000
0.92 0.0000
0.93 0.0000
0.94 0.0000
0.95 0.0000
0.96 0.0000
0.97 0.0000
0.98 0.0000
0.99 0.0000
1.00 0.0000
1.01 0.0000
1.02 0.0000
1.03 0.0000
1.04 0.0000
1.05 0.0000
1.06 0.0000
1.07 0.0000
1.08 0.0000
1.09 0.0000
1.10 0.0000
1.11 0.0000
1.12 0.0000
1.13 0.0000
1.14 0.0000
1.15 0.0000
1.16 0.0000
1.17 0.0000
1.18 0.0000
1.19 0.0000
1.20 0.0000
1.21 0.0000
1.22 0.0000
1.23 0.0000
1.24 0.0000
1.25 0.0000
1.26 0.0000
1.27 0.0000
1.28 0.0000
1.29 0.0000
1.30 0.0000
1.31 0.0000
1.32 0.0000
1.33 211.4347
1.34 211.4347
1.35 212.1993
1.36 212.9668
1.37 212.9668
1.38 213.7370
1.39 213.7370
1.40 213.7370
1.41 214.5100
1.42 214.5100
1.43 215.2859
1.44 215.2859
1.45 215.2859
1.46 215.2859
1.47 215.2859
1.48 216.0645
1.49 216.0645
1.50 216.0645
1.51 216.0645
1.52 216.0645
1.53 216.0645
1.54 216.0645
1.55 215.2859
1.56 215.2859
1.57 215.2859
1.58 215.2859
1.59 215.2859
1.60 215.2859
1.61 215.2859
1.62 215.2859
1.63 215.2859
1.64 215.2859
1.65 215.2859
1.66 216.0645
1.67 216.8459
1.68 217.6302
1.69 217.6302
1.70 217.6302
1.71 217.6302
1.72 0.0000
1.73 0.0000
1.74 0.0000
1.75 0.0000
1.76 0.0000
1.77 0.0000
1.78 0.0000
1.79 0.0000
1.80 0.0000
1.81 0.0000
1.82 0.0000
1.83 0.0000
1.84 0.0000
1.85 248.7311
1.86 248.7311
1.87 248.7311
1.88 248.7311
1.89 248.7311
1.90 249.6307
1.91 249.6307
1.92 250.5335
1.93 252.3490
1.94 253.2616
1.95 254.1776
1.96 256.0195
1.97 259.7434
1.98 262.5718
1.99 265.4310
2.00 269.2918
2.01 272.2242
2.02 274.1968
2.03 278.1851
2.04 284.2766
2.05 289.4546
2.06 292.6065
2.07 293.6648
2.08 293.6648
2.09 293.6648
2.10 293.6648
2.11 293.6648
2.12 293.6648
2.13 293.6648
2.14 294.7269
2.15 295.7928
2.16 296.8626
2.17 297.9362
2.18 297.9362
2.19 297.9362
2.20 297.9362
2.21 297.9362
2.22 297.9362
2.23 297.9362
2.24 297.9362
2.25 297.9362
2.26 297.9362
2.27 297.9362
2.28 297.9362
2.29 296.8626
2.30 296.8626
2.31 296.8626
2.32 296.8626
2.33 296.8626
2.34 295.7928
2.35 294.7269
2.36 294.7269
2.37 293.6648
2.38 293.6648
2.39 293.6648
2.40 293.6648
2.41 293.6648
2.42 294.7269
2.43 295.7928
2.44 295.7928
2.45 295.7928
2.46 295.7928
2.47 294.7269
2.48 293.6648
2.49 293.6648
2.50 293.6648
2.51 293.6648
2.52 293.6648
2.53 293.6648
2.54 293.6648
2.55 293.6648
2.56 293.6648
2.57 293.6648
2.58 293.6648
2.59 293.6648
2.60 293.6648
2.61 293.6648
2.62 293.6648
2.63 293.6648
2.64 293.6648
2.65 293.6648
2.66 293.6648
2.67 293.6648
2.68 293.6648
2.69 293.6648
2.70 293.6648
2.71 293.6648
2.72 292.6065
2.73 291.5521
2.74 290.5014
2.75 289.4546
2.76 289.4546
2.77 289.4546
2.78 290.5014
2.79 292.6065
2.80 293.6648
2.81 294.7269
2.82 295.7928
2.83 296.8626
2.84 296.8626
2.85 296.8626
2.86 295.7928
2.87 295.7928
2.88 295.7928
2.89 295.7928
2.90 295.7928
2.91 295.7928
2.92 295.7928
2.93 295.7928
2.94 296.8626
2.95 296.8626
2.96 296.8626
2.97 296.8626
2.98 295.7928
2.99 295.7928
3.00 294.7269
3.01 294.7269
3.02 294.7269
3.03 294.7269
3.04 295.7928
3.05 295.7928
3.06 295.7928
3.07 295.7928
3.08 293.6648
3.09 293.6648
3.10 293.6648
3.11 293.6648
3.12 300.0952
3.13 304.4602
3.14 308.8886
3.15 316.7940
3.16 322.5643
3.17 328.4397
3.18 330.8197
3.19 330.8197
3.20 330.8197
3.21 330.8197
3.22 330.8197
3.23 329.6276
3.24 329.6276
3.25 328.4397
3.26 327.2561
3.27 323.7309
3.28 320.2437
3.29 316.7940
3.30 313.3815
3.31 311.1270
3.32 308.8886
3.33 304.4602
3.34 300.0952
3.35 300.0952
3.36 299.0138
3.37 297.9362
3.38 297.9362
3.39 296.8626
3.40 295.7928
3.41 293.6648
3.42 293.6648
3.43 293.6648
3.44 293.6648
3.45 293.6648
3.46 293.6648
3.47 293.6648
3.48 292.6065
3.49 291.5521
3.50 290.5014
3.51 288.4115
3.52 0.0000
3.53 0.0000
3.54 0.0000
3.55 0.0000
3.56 0.0000
3.57 0.0000
3.58 0.0000
3.59 0.0000
3.60 0.0000
3.61 258.8073
3.62 258.8073
3.63 258.8073
3.64 258.8073
3.65 258.8073
3.66 258.8073
3.67 258.8073
3.68 258.8073
3.69 258.8073
3.70 259.7434
3.71 259.7434
3.72 261.6256
3.73 261.6256
3.74 262.5718
3.75 262.5718
3.76 262.5718
3.77 262.5718
3.78 262.5718
3.79 262.5718
3.80 262.5718
3.81 262.5718
3.82 262.5718
3.83 261.6256
3.84 260.6828
3.85 258.8073
3.86 254.1776
3.87 248.7311
3.88 243.4013
3.89 239.9117
3.90 233.0819
3.91 220.0000
3.92 218.4173
3.93 217.6302
3.94 216.8459
3.95 215.2859
3.96 215.2859
3.97 215.2859
3.98 215.2859
3.99 215.2859
4.00 215.2859
4.01 215.2859
4.02 215.2859
4.03 217.6302
4.04 218.4173
4.05 218.4173
4.06 218.4173
4.07 218.4173
4.08 218.4173
4.09 218.4173
4.10 219.2072
4.11 220.0000
4.12 221.5942
4.13 222.3956
4.14 222.3956
4.15 222.3956
4.16 222.3956
4.17 222.3956
4.18 221.5942
4.19 221.5942
4.20 220.7957
4.21 219.2072
4.22 218.4173
4.23 218.4173
4.24 216.0645
4.25 212.9668
4.26 212.1993
4.27 212.1993
4.28 212.1993
4.29 214.5100
4.30 216.8459
4.31 217.6302
4.32 217.6302
4.33 217.6302
4.34 217.6302
4.35 217.6302
4.36 217.6302
4.37 217.6302
4.38 217.6302
4.39 217.6302
4.40 217.6302
4.41 217.6302
4.42 218.4173
4.43 219.2072
4.44 219.2072
4.45 220.0000
4.46 220.0000
4.47 220.0000
4.48 220.0000
4.49 220.7957
4.50 220.7957
4.51 220.7957
4.52 220.7957
4.53 220.7957
4.54 221.5942
4.55 221.5942
4.56 221.5942
4.57 221.5942
4.58 221.5942
4.59 221.5942
4.60 221.5942
4.61 220.7957
4.62 220.7957
4.63 220.7957
4.64 220.0000
4.65 220.0000
4.66 220.0000
4.67 219.2072
4.68 219.2072
4.69 219.2072
4.70 219.2072
4.71 219.2072
4.72 220.0000
4.73 220.0000
4.74 220.7957
4.75 221.5942
4.76 221.5942
4.77 221.5942
4.78 221.5942
4.79 0.0000
4.80 0.0000
4.81 0.0000
4.82 0.0000
4.83 0.0000
4.84 0.0000
4.85 0.0000
4.86 0.0000
4.87 0.0000
4.88 0.0000
4.89 0.0000
4.90 258.8073
4.91 258.8073
4.92 258.8073
4.93 259.7434
4.94 259.7434
4.95 259.7434
4.96 261.6256
4.97 261.6256
4.98 262.5718
4.99 264.4745
5.00 265.4310
5.01 267.3544
5.02 271.2432
5.03 274.1968
5.04 278.1851
5.05 284.2766
5.06 288.4115
5.07 292.6065
5.08 296.8626
5.09 296.8626
5.10 296.8626
5.11 296.8626
5.12 295.7928
5.13 293.6648
5.14 292.6065
5.15 291.5521
5.16 291.5521
5.17 291.5521
5.18 291.5521
5.19 292.6065
5.20 293.6648
5.21 294.7269
5.22 295.7928
5.23 296.8626
5.24 296.8626
5.25 296.8626
5.26 296.8626
5.27 295.7928
5.28 294.7269
5.29 293.6648
5.30 292.6065
5.31 291.5521
5.32 290.5014
5.33 290.5014
5.34 289.4546
5.35 289.4546
5.36 289.4546
5.37 290.5014
5.38 290.5014
5.39 291.5521
5.40 292.6065
5.41 293.6648
5.42 294.7269
5.43 295.7928
5.44 295.7928
5.45 295.7928
5.46 294.7269
5.47 294.7269
5.48 293.6648
5.49 293.6648
5.50 293.6648
5.51 293.6648
5.52 293.6648
5.53 293.6648
5.54 293.6648
5.55 293.6648
5.56 293.6648
5.57 293.6648
5.58 293.6648
5.59 294.7269
5.60 294.7269
5.61 294.7269
5.62 294.7269
5.63 293.6648
5.64 293.6648
5.65 292.6065
5.66 291.5521
5.67 290.5014
5.68 289.4546
5.69 288.4115
5.70 288.4115
5.71 288.4115
5.72 288.4115
5.73 289.4546
5.74 289.4546
5.75 290.5014
5.76 291.5521
5.77 293.6648
5.78 294.7269
5.79 295.7928
5.80 295.7928
5.81 295.7928
5.82 294.7269
5.83 294.7269
5.84 293.6648
5.85 292.6065
5.86 292.6065
5.87 292.6065
5.88 292.6065
5.89 292.6065
5.90 292.6065
5.91 292.6065
5.92 293.6648
5.93 293.6648
5.94 293.6648
5.95 293.6648
5.96 292.6065
5.97 291.5521
5.98 291.5521
5.99 291.5521
6.00 291.5521
6.01 291.5521
6.02 292.6065
6.03 292.6065
6.04 292.6065
6.05 292.6065
6.06 292.6065
6.07 292.6065
6.08 292.6065
6.09 297.9362
6.10 300.0952
6.11 303.3630
6.12 305.5613
6.13 316.7940
6.14 319.0897
6.15 323.7309
6.16 323.7309
6.17 323.7309
6.18 323.7309
6.19 322.5643
6.20 321.4019
6.21 319.0897
6.22 316.7940
6.23 313.3815
6.24 307.7755
6.25 304.4602
6.26 300.0952
6.27 297.9362
6.28 295.7928
6.29 295.7928
6.30 295.7928
6.31 295.7928
6.32 295.7928
6.33 294.7269
6.34 293.6648
6.35 292.6065
6.36 291.5521
6.37 291.5521
6.38 290.5014
6.39 290.5014
6.40 289.4546
6.41 289.4546
6.42 288.4115
6.43 288.4115
6.44 288.4115
6.45 287.3721
6.46 0.0000
6.47 0.0000
6.48 0.0000
6.49 0.0000
6.50 0.0000
6.51 0.0000
6.52 0.0000
6.53 0.0000
6.54 260.6828
6.55 260.6828
6.56 260.6828
6.57 259.7434
6.58 259.7434
6.59 259.7434
6.60 259.7434
6.61 259.7434
6.62 259.7434
6.63 260.6828
6.64 260.6828
6.65 260.6828
6.66 260.6828
6.67 261.6256
6.68 262.5718
6.69 262.5718
6.70 263.5214
6.71 263.5214
6.72 263.5214
6.73 263.5214
6.74 262.5718
6.75 262.5718
6.76 261.6256
6.77 259.7434
6.78 254.1776
6.79 248.7311
6.80 243.4013
6.81 235.6200
6.82 222.3956
6.83 221.5942
6.84 221.5942
6.85 221.5942
6.86 221.5942
6.87 222.3956
6.88 224.0072
6.89 224.8174
6.90 224.8174
6.91 224.8174
6.92 224.8174
6.93 224.8174
6.94 224.0072
6.95 222.3956
6.96 222.3956
6.97 222.3956
6.98 222.3956
6.99 222.3956
7.00 223.2000
7.01 224.0072
7.02 224.0072
7.03 224.8174
7.04 224.8174
7.05 224.8174
7.06 224.8174
7.07 224.8174
7.08 224.8174
7.09 224.8174
7.10 224.0072
7.11 222.3956
7.12 222.3956
7.13 220.7957
7.14 220.7957
7.15 220.7957
7.16 220.7957
7.17 220.7957
7.18 220.0000
7.19 220.0000
7.20 220.0000
7.21 220.0000
7.22 220.7957
7.23 220.7957
7.24 220.7957
7.25 221.5942
7.26 222.3956
7.27 222.3956
7.28 223.2000
7.29 223.2000
7.30 223.2000
7.31 223.2000
7.32 222.3956
7.33 222.3956
7.34 222.3956
7.35 222.3956
7.36 221.5942
7.37 221.5942
7.38 220.7957
7.39 220.7957
7.40 220.7957
7.41 220.7957
7.42 221.5942
7.43 221.5942
7.44 224.0072
7.45 224.8174
7.46 224.8174
7.47 224.8174
7.48 224.8174
7.49 224.0072
7.50 224.0072
7.51 224.0072
7.52 223.2000
7.53 222.3956
7.54 222.3956
7.55 222.3956
7.56 221.5942
7.57 220.7957
7.58 220.7957
7.59 220.0000
7.60 219.2072
7.61 219.2072
7.62 219.2072
7.63 220.0000
7.64 220.0000
7.65 220.0000
7.66 220.0000
7.67 220.0000
7.68 220.0000
7.69 220.0000
7.70 220.0000
7.71 220.7957
7.72 220.7957
7.73 220.7957
7.74 220.7957
7.75 0.0000
7.76 0.0000
7.77 0.0000
7.78 0.0000
7.79 0.0000
7.80 0.0000
7.81 0.0000
7.82 0.0000
7.83 0.0000
7.84 0.0000
7.85 262.5718
7.86 262.5718
7.87 262.5718
7.88 262.5718
7.89 262.5718
7.90 262.5718
7.91 262.5718
7.92 262.5718
7.93 262.5718
7.94 262.5718
7.95 262.5718
7.96 265.4310
7.97 266.3910
7.98 272.2242
7.99 274.1968
8.00 278.1851
8.01 283.2521
8.02 287.3721
8.03 289.4546
8.04 293.6648
8.05 294.7269
8.06 294.7269
8.07 294.7269
8.08 294.7269
8.09 293.6648
8.10 293.6648
8.11 292.6065
8.12 292.6065
8.13 292.6065
8.14 293.6648
8.15 294.7269
8.16 296.8626
8.17 296.8626
8.18 296.8626
8.19 295.7928
8.20 295.7928
8.21 293.6648
8.22 292.6065
8.23 289.4546
8.24 287.3721
8.25 282.2314
8.26 0.0000
8.27 0.0000
8.28 0.0000
8.29 0.0000
8.30 0.0000
8.31 0.0000
8.32 0.0000
8.33 0.0000
8.34 0.0000
8.35 0.0000
8.36 0.0000
8.37 0.0000
8.38 0.0000
8.39 0.0000
8.40 0.0000
8.41 0.0000
8.42 0.0000
8.43 0.0000
8.44 0.0000
8.45 0.0000
8.46 0.0000
8.47 0.0000
8.48 0.0000
8.49 0.0000
8.50 0.0000
8.51 0.0000
8.52 0.0000
8.53 0.0000
8.54 0.0000
8.55 0.0000
8.56 0.0000
8.57 0.0000
8.58 0.0000
8.59 0.0000
8.60 0.0000
8.61 0.0000
8.62 0.0000
8.63 0.0000
8.64 0.0000
8.65 0.0000
8.66 0.0000
8.67 0.0000
8.68 0.0000
8.69 0.0000
8.70 0.0000
8.71 0.0000
8.72 0.0000
8.73 0.0000
8.74 0.0000
8.75 0.0000
8.76 0.0000
8.77 0.0000
8.78 0.0000
8.79 0.0000
8.80 0.0000
8.81 0.0000
8.82 0.0000
8.83 0.0000
8.84 0.0000
8.85 0.0000
8.86 0.0000
8.87 0.0000
8.88 0.0000
8.89 0.0000
8.90 0.0000
8.91 0.0000
8.92 0.0000
8.93 0.0000
8.94 0.0000
8.95 0.0000
8.96 0.0000
8.97 0.0000
8.98 0.0000
8.99 0.0000
9.00 0.0000
9.01 0.0000
9.02 0.0000
9.03 0.0000
9.04 0.0000
9.05 0.0000
9.06 0.0000
9.07 0.0000
9.08 0.0000
9.09 0.0000
9.10 0.0000
9.11 0.0000
9.12 0.0000
9.13 0.0000
9.14 0.0000
9.15 0.0000
9.16 0.0000
9.17 0.0000
9.18 0.0000
9.19 0.0000
9.20 0.0000
9.21 0.0000
9.22 0.0000
9.23 0.0000
9.24 0.0000
9.25 0.0000
9.26 0.0000
9.27 0.0000
9.28 0.0000
9.29 0.0000
9.30 0.0000
9.31 0.0000
9.32 0.0000
9.33 0.0000
9.34 0.0000
9.35 0.0000
9.36 0.0000
9.37 0.0000
9.38 0.0000
9.39 0.0000
9.40 0.0000
9.41 0.0000
9.42 0.0000
9.43 0.0000
9.44 0.0000
9.45 0.0000
9.46 0.0000
9.47 0.0000
9.48 0.0000
9.49 0.0000
9.50 0.0000
9.51 0.0000
9.52 0.0000
9.53 0.0000
9.54 0.0000
9.55 0.0000
9.56 0.0000
9.57 0.0000
9.58 0.0000
9.59 0.0000
9.60 0.0000
9.61 0.0000
9.62 0.0000
9.63 0.0000
9.64 0.0000
9.65 0.0000
9.66 0.0000
9.67 0.0000
9.68 0.0000
9.69 0.0000
9.70 0.0000
9.71 0.0000
9.72 0.0000
9.73 0.0000
9.74 0.0000
9.75 0.0000
9.76 0.0000
9.77 0.0000
9.78 0.0000
9.79 249.6307
9.80 249.6307
9.81 249.6307
9.82 248.7311
9.83 248.7311
9.84 248.7311
9.85 248.7311
9.86 249.6307
9.87 250.5335
9.88 252.3490
9.89 253.2616
9.90 254.1776
9.91 254.1776
9.92 254.1776
9.93 255.0969
9.94 255.0969
9.95 255.0969
9.96 255.0969
9.97 255.0969
9.98 255.0969
9.99 255.0969
10.00 255.0969
10.01 254.1776
10.02 253.2616
10.03 248.7311
10.04 243.4013
10.05 239.9117
10.06 236.4721
10.07 233.0819
10.08 220.7957
10.09 218.4173
10.10 211.4347
10.11 210.6727
10.12 210.6727
10.13 210.6727
10.14 211.4347
10.15 213.7370
10.16 215.2859
10.17 216.0645
10.18 216.8459
10.19 216.8459
10.20 216.8459
10.21 216.8459
10.22 216.8459
10.23 216.8459
10.24 216.8459
10.25 216.8459
10.26 216.8459
10.27 217.6302
10.28 217.6302
10.29 217.6302
10.30 218.4173
10.31 219.2072
10.32 219.2072
10.33 220.0000
10.34 220.7957
10.35 220.7957
10.36 220.7957
10.37 220.7957
10.38 220.0000
10.39 220.0000
10.40 220.0000
10.41 220.0000
10.42 220.0000
10.43 219.2072
10.44 219.2072
10.45 219.2072
10.46 219.2072
10.47 219.2072
10.48 219.2072
10.49 220.0000
10.50 220.0000
10.51 220.7957
10.52 220.7957
10.53 220.7957
10.54 220.0000
10.55 220.0000
10.56 219.2072
10.57 219.2072
10.58 218.4173
10.59 218.4173
10.60 217.6302
10.61 217.6302
10.62 217.6302
10.63 217.6302
10.64 217.6302
10.65 217.6302
10.66 217.6302
10.67 217.6302
10.68 218.4173
10.69 219.2072
10.70 220.0000
10.71 221.5942
10.72 221.5942
10.73 222.3956
10.74 222.3956
10.75 222.3956
10.76 222.3956
10.77 222.3956
10.78 222.3956
10.79 222.3956
10.80 222.3956
10.81 0.0000
10.82 0.0000
10.83 0.0000
10.84 0.0000
10.85 0.0000
10.86 0.0000
10.87 0.0000
10.88 0.0000
10.89 0.0000
10.90 0.0000
10.91 0.0000
10.92 0.0000
10.93 0.0000
10.94 0.0000
10.95 0.0000
10.96 0.0000
10.97 0.0000
10.98 0.0000
10.99 0.0000
11.00 0.0000
11.01 0.0000
11.02 0.0000
11.03 0.0000
11.04 0.0000
11.05 0.0000
11.06 0.0000
11.07 0.0000
11.08 0.0000
11.09 0.0000
11.10 0.0000
11.11 0.0000
11.12 0.0000
11.13 0.0000
11.14 0.0000
11.15 0.0000
11.16 0.0000
11.17 0.0000
11.18 0.0000
11.19 0.0000
11.20 0.0000
11.21 0.0000
11.22 0.0000
11.23 0.0000
11.24 0.0000
11.25 0.0000
11.26 0.0000
11.27 0.0000
11.28 0.0000
11.29 209.9135
11.30 209.9135
11.31 210.6727
11.32 211.4347
11.33 212.1993
11.34 212.1993
11.35 213.7370
11.36 214.5100
11.37 214.5100
11.38 214.5100
11.39 214.5100
11.40 214.5100
11.41 214.5100
11.42 214.5100
11.43 214.5100
11.44 214.5100
11.45 214.5100
11.46 215.2859
11.47 216.0645
11.48 216.8459
11.49 216.8459
11.50 217.6302
11.51 217.6302
11.52 217.6302
11.53 217.6302
11.54 218.4173
11.55 218.4173
11.56 218.4173
11.57 218.4173
11.58 218.4173
11.59 218.4173
11.60 218.4173
11.61 217.6302
11.62 217.6302
11.63 217.6302
11.64 217.6302
11.65 217.6302
11.66 217.6302
11.67 217.6302
11.68 218.4173
11.69 218.4173
11.70 218.4173
11.71 217.6302
11.72 217.6302
11.73 217.6302
11.74 217.6302
11.75 218.4173
11.76 218.4173
11.77 219.2072
11.78 222.3956
11.79 222.3956
11.80 222.3956
11.81 222.3956
11.82 222.3956
11.83 0.0000
11.84 0.0000
11.85 0.0000
11.86 0.0000
11.87 0.0000
11.88 262.5718
11.89 266.3910
11.90 266.3910
11.91 267.3544
11.92 268.3214
11.93 269.2918
11.94 269.2918
11.95 269.2918
11.96 269.2918
11.97 269.2918
11.98 270.2657
11.99 270.2657
12.00 270.2657
12.01 271.2432
12.02 273.2087
12.03 274.1968
12.04 275.1885
12.05 282.2314
12.06 284.2766
12.07 289.4546
12.08 295.7928
12.09 299.0138
12.10 300.0952
12.11 300.0952
12.12 300.0952
12.13 299.0138
12.14 299.0138
12.15 297.9362
12.16 297.9362
12.17 296.8626
12.18 296.8626
12.19 296.8626
12.20 296.8626
12.21 296.8626
12.22 296.8626
12.23 296.8626
12.24 296.8626
12.25 296.8626
12.26 296.8626
12.27 296.8626
12.28 295.7928
12.29 295.7928
12.30 295.7928
12.31 295.7928
12.32 296.8626
12.33 296.8626
12.34 296.8626
12.35 296.8626
12.36 295.7928
12.37 294.7269
12.38 294.7269
12.39 293.6648
12.40 293.6648
12.41 293.6648
12.42 293.6648
12.43 295.7928
12.44 296.8626
12.45 299.0138
12.46 299.0138
12.47 299.0138
12.48 299.0138
12.49 297.9362
12.50 297.9362
12.51 296.8626
12.52 296.8626
12.53 296.8626
12.54 295.7928
12.55 295.7928
12.56 294.7269
12.57 293.6648
12.58 293.6648
12.59 293.6648
12.60 293.6648
12.61 294.7269
12.62 294.7269
12.63 294.7269
12.64 294.7269
12.65 294.7269
12.66 294.7269
12.67 294.7269
12.68 293.6648
12.69 293.6648
12.70 293.6648
12.71 293.6648
12.72 293.6648
12.73 293.6648
12.74 293.6648
12.75 292.6065
12.76 291.5521
12.77 290.5014
12.78 290.5014
12.79 290.5014
12.80 290.5014
12.81 290.5014
12.82 291.5521
12.83 291.5521
12.84 292.6065
12.85 293.6648
12.86 294.7269
12.87 296.8626
12.88 297.9362
12.89 297.9362
12.90 297.9362
12.91 297.9362
12.92 297.9362
12.93 296.8626
12.94 296.8626
12.95 295.7928
12.96 294.7269
12.97 294.7269
12.98 294.7269
12.99 295.7928
13.00 295.7928
13.01 295.7928
13.02 295.7928
13.03 295.7928
13.04 295.7928
13.05 295.7928
13.06 294.7269
13.07 294.7269
13.08 294.7269
13.09 294.7269
13.10 295.7928
13.11 296.8626
13.12 296.8626
13.13 296.8626
13.14 296.8626
13.15 296.8626
13.16 296.8626
13.17 299.0138
13.18 300.0952
13.19 304.4602
13.20 308.8886
13.21 316.7940
13.22 320.2437
13.23 333.2170
13.24 336.8455
13.25 336.8455
13.26 336.8455
13.27 336.8455
13.28 336.8455
13.29 334.4221
13.30 333.2170
13.31 330.8197
13.32 326.0768
13.33 323.7309
13.34 320.2437
13.35 315.6524
13.36 308.8886
13.37 307.7755
13.38 305.5613
13.39 304.4602
13.40 303.3630
13.41 300.0952
13.42 299.0138
13.43 299.0138
13.44 297.9362
13.45 296.8626
13.46 296.8626
13.47 296.8626
13.48 296.8626
13.49 296.8626
13.50 296.8626
13.51 295.7928
13.52 288.4115
13.53 283.2521
13.54 0.0000
13.55 0.0000
13.56 0.0000
13.57 0.0000
13.58 0.0000
13.59 0.0000
13.60 0.0000
13.61 0.0000
13.62 0.0000
13.63 0.0000
13.64 0.0000
13.65 260.6828
13.66 260.6828
13.67 260.6828
13.68 259.7434
13.69 259.7434
13.70 259.7434
13.71 259.7434
13.72 259.7434
13.73 259.7434
13.74 259.7434
13.75 259.7434
13.76 259.7434
13.77 259.7434
13.78 260.6828
13.79 260.6828
13.80 261.6256
13.81 262.5718
13.82 262.5718
13.83 262.5718
13.84 262.5718
13.85 262.5718
13.86 262.5718
13.87 261.6256
13.88 261.6256
13.89 260.6828
13.90 258.8073
13.91 255.0969
13.92 249.6307
13.93 244.2816
13.94 240.7794
13.95 219.2072
13.96 218.4173
13.97 218.4173
13.98 218.4173
13.99 218.4173
14.00 220.0000
14.01 221.5942
14.02 222.3956
14.03 223.2000
14.04 224.0072
14.05 224.0072
14.06 224.0072
14.07 224.0072
14.08 224.0072
14.09 224.0072
14.10 224.0072
14.11 224.0072
14.12 224.0072
14.13 224.0072
14.14 224.0072
14.15 224.0072
14.16 224.0072
14.17 224.8174
14.18 224.8174
14.19 224.8174
14.20 224.8174
14.21 224.0072
14.22 223.2000
14.23 223.2000
14.24 222.3956
14.25 222.3956
14.26 221.5942
14.27 220.7957
14.28 220.7957
14.29 220.7957
14.30 220.7957
14.31 220.7957
14.32 220.7957
14.33 220.7957
14.34 220.7957
14.35 220.7957
14.36 220.7957
14.37 220.7957
14.38 220.7957
14.39 221.5942
14.40 221.5942
14.41 222.3956
14.42 223.2000
14.43 223.2000
14.44 223.2000
14.45 223.2000
14.46 223.2000
14.47 222.3956
14.48 222.3956
14.49 221.5942
14.50 221.5942
14.51 221.5942
14.52 222.3956
14.53 222.3956
14.54 222.3956
14.55 223.2000
14.56 223.2000
14.57 223.2000
14.58 223.2000
14.59 223.2000
14.60 222.3956
14.61 222.3956
14.62 221.5942
14.63 221.5942
14.64 221.5942
14.65 221.5942
14.66 222.3956
14.67 222.3956
14.68 222.3956
14.69 222.3956
14.70 0.0000
14.71 0.0000
14.72 0.0000
14.73 0.0000
14.74 0.0000
14.75 0.0000
14.76 0.0000
14.77 0.0000
14.78 0.0000
14.79 0.0000
14.80 0.0000
14.81 0.0000
14.82 0.0000
14.83 0.0000
14.84 0.0000
14.85 0.0000
14.86 0.0000
14.87 0.0000
14.88 0.0000
14.89 0.0000
14.90 0.0000
14.91 0.0000
14.92 0.0000
14.93 0.0000
14.94 0.0000
14.95 0.0000
14.96 0.0000
14.97 0.0000
14.98 0.0000
14.99 0.0000
15.00 0.0000
15.01 0.0000
15.02 0.0000
15.03 0.0000
15.04 0.0000
15.05 0.0000
15.06 0.0000
15.07 0.0000
15.08 0.0000
15.09 0.0000
15.10 0.0000
15.11 0.0000
15.12 0.0000
15.13 0.0000
15.14 0.0000
15.15 0.0000
15.16 0.0000
15.17 0.0000
15.18 0.0000
15.19 0.0000
15.20 0.0000
15.21 0.0000
15.22 0.0000
15.23 0.0000
15.24 0.0000
15.25 0.0000
15.26 0.0000
15.27 0.0000
15.28 0.0000
15.29 0.0000
15.30 0.0000
15.31 0.0000
15.32 0.0000
15.33 0.0000
15.34 0.0000
15.35 0.0000
15.36 0.0000
15.37 0.0000
15.38 0.0000
15.39 0.0000
15.40 0.0000
15.41 0.0000
15.42 221.5942
15.43 221.5942
15.44 221.5942
15.45 221.5942
15.46 221.5942
15.47 221.5942
15.48 221.5942
15.49 221.5942
15.50 221.5942
15.51 0.0000
15.52 0.0000
15.53 0.0000
15.54 0.0000
15.55 0.0000
15.56 0.0000
15.57 0.0000
15.58 259.7434
15.59 261.6256
15.60 262.5718
15.61 265.4310
15.62 266.3910
15.63 266.3910
15.64 267.3544
15.65 267.3544
15.66 267.3544
15.67 267.3544
15.68 267.3544
15.69 270.2657
15.70 273.2087
15.71 274.1968
15.72 279.1912
15.73 286.3366
15.74 288.4115
15.75 293.6648
15.76 296.8626
15.77 299.0138
15.78 299.0138
15.79 299.0138
15.80 297.9362
15.81 294.7269
15.82 293.6648
15.83 293.6648
15.84 292.6065
15.85 291.5521
15.86 291.5521
15.87 291.5521
15.88 292.6065
15.89 293.6648
15.90 293.6648
15.91 293.6648
15.92 294.7269
15.93 295.7928
15.94 295.7928
15.95 295.7928
15.96 295.7928
15.97 295.7928
15.98 294.7269
15.99 293.6648
16.00 291.5521
16.01 290.5014
16.02 289.4546
16.03 289.4546
16.04 289.4546
16.05 289.4546
16.06 290.5014
16.07 291.5521
16.08 292.6065
16.09 294.7269
16.10 295.7928
16.11 295.7928
16.12 295.7928
16.13 294.7269
16.14 293.6648
16.15 293.6648
16.16 293.6648
16.17 292.6065
16.18 292.6065
16.19 292.6065
16.20 292.6065
16.21 292.6065
16.22 293.6648
16.23 293.6648
16.24 293.6648
16.25 294.7269
16.26 295.7928
16.27 295.7928
16.28 295.7928
16.29 295.7928
16.30 294.7269
16.31 294.7269
16.32 293.6648
16.33 293.6648
16.34 293.6648
16.35 292.6065
16.36 292.6065
16.37 292.6065
16.38 293.6648
16.39 293.6648
16.40 293.6648
16.41 293.6648
16.42 293.6648
16.43 291.5521
16.44 291.5521
16.45 291.5521
16.46 291.5521
16.47 290.5014
16.48 290.5014
16.49 290.5014
16.50 290.5014
16.51 290.5014
16.52 290.5014
16.53 291.5521
16.54 292.6065
16.55 292.6065
16.56 292.6065
16.57 292.6065
16.58 291.5521
16.59 291.5521
16.60 291.5521
16.61 291.5521
16.62 291.5521
16.63 291.5521
16.64 291.5521
16.65 291.5521
16.66 291.5521
16.67 291.5521
16.68 291.5521
16.69 291.5521
16.70 291.5521
16.71 292.6065
16.72 292.6065
16.73 292.6065
16.74 293.6648
16.75 293.6648
16.76 293.6648
16.77 293.6648
16.78 293.6648
16.79 293.6648
16.80 293.6648
16.81 293.6648
16.82 293.6648
16.83 293.6648
16.84 293.6648
16.85 293.6648
16.86 294.7269
16.87 295.7928
16.88 295.7928
16.89 295.7928
16.90 295.7928
16.91 295.7928
16.92 295.7928
16.93 294.7269
16.94 294.7269
16.95 293.6648
16.96 293.6648
16.97 293.6648
16.98 293.6648
16.99 0.0000
17.00 0.0000
17.01 0.0000
17.02 0.0000
17.03 0.0000
17.04 0.0000
17.05 0.0000
17.06 0.0000
17.07 0.0000
17.08 0.0000
17.09 0.0000
17.10 0.0000
17.11 0.0000
17.12 0.0000
17.13 0.0000
17.14 0.0000
17.15 0.0000
17.16 0.0000
17.17 0.0000
17.18 0.0000
17.19 0.0000
17.20 0.0000
17.21 0.0000
17.22 0.0000
17.23 0.0000
17.24 0.0000
17.25 0.0000
17.26 0.0000
17.27 0.0000
17.28 0.0000
17.29 0.0000
17.30 0.0000
17.31 0.0000
17.32 0.0000
17.33 0.0000
17.34 0.0000
17.35 0.0000
17.36 0.0000
17.37 0.0000
17.38 0.0000
17.39 0.0000
17.40 0.0000
17.41 0.0000
17.42 0.0000
17.43 0.0000
17.44 0.0000
17.45 0.0000
17.46 0.0000
17.47 261.6256
17.48 262.5718
17.49 262.5718
17.50 262.5718
17.51 263.5214
17.52 263.5214
17.53 264.4745
17.54 264.4745
17.55 265.4310
17.56 265.4310
17.57 266.3910
17.58 266.3910
17.59 266.3910
17.60 266.3910
17.61 266.3910
17.62 266.3910
17.63 266.3910
17.64 266.3910
17.65 265.4310
17.66 265.4310
17.67 262.5718
17.68 262.5718
17.69 262.5718
17.70 262.5718
17.71 262.5718
17.72 262.5718
17.73 262.5718
17.74 262.5718
17.75 262.5718
17.76 263.5214
17.77 263.5214
17.78 264.4745
17.79 265.4310
17.80 265.4310
17.81 266.3910
17.82 267.3544
17.83 267.3544
17.84 267.3544
17.85 267.3544
17.86 267.3544
17.87 266.3910
17.88 266.3910
17.89 265.4310
17.90 265.4310
17.91 265.4310
17.92 265.4310
17.93 264.4745
17.94 263.5214
17.95 262.5718
17.96 260.6828
17.97 257.8747
17.98 239.9117
17.99 236.4721
18.00 233.0819
18.01 231.4050
18.02 219.2072
18.03 216.8459
18.04 212.1993
18.05 212.1993
18.06 212.1993
18.07 213.7370
18.08 215.2859
18.09 218.4173
18.10 220.0000
18.11 220.0000
18.12 220.7957
18.13 220.7957
18.14 221.5942
18.15 221.5942
18.16 222.3956
18.17 222.3956
18.18 223.2000
18.19 224.0072
18.20 224.0072
18.21 224.0072
18.22 224.0072
18.23 224.0072
18.24 224.0072
18.25 222.3956
18.26 222.3956
18.27 222.3956
18.28 222.3956
18.29 222.3956
18.30 222.3956
18.31 222.3956
18.32 222.3956
18.33 221.5942
18.34 221.5942
18.35 221.5942
18.36 221.5942
18.37 222.3956
18.38 222.3956
18.39 222.3956
18.40 222.3956
18.41 222.3956
18.42 222.3956
18.43 222.3956
18.44 222.3956
18.45 223.2000
18.46 224.0072
18.47 224.0072
18.48 224.0072
18.49 224.0072
18.50 224.0072
18.51 224.0072
18.52 224.0072
18.53 224.0072
18.54 224.8174
18.55 224.8174
18.56 224.8174
18.57 225.6305
18.58 225.6305
18.59 225.6305
18.60 0.0000
18.61 0.0000
18.62 0.0000
18.63 0.0000
18.64 0.0000
18.65 0.0000
18.66 0.0000
18.67 0.0000
18.68 0.0000
18.69 0.0000
18.70 0.0000
18.71 0.0000
18.72 0.0000
18.73 0.0000
18.74 0.0000
18.75 0.0000
18.76 0.0000
18.77 0.0000
18.78 0.0000
18.79 0.0000
18.80 0.0000
18.81 0.0000
18.82 0.0000
18.83 0.0000
18.84 0.0000
18.85 0.0000
18.86 0.0000
18.87 0.0000
18.88 0.0000
18.89 0.0000
18.90 0.0000
18.91 0.0000
18.92 0.0000
18.93 0.0000
18.94 0.0000
18.95 0.0000
18.96 0.0000
18.97 0.0000
18.98 0.0000
18.99 0.0000
19.00 0.0000
19.01 0.0000
19.02 0.0000
19.03 0.0000
19.04 0.0000
19.05 0.0000
19.06 0.0000
19.07 0.0000
19.08 0.0000
19.09 0.0000
19.10 0.0000
19.11 0.0000
19.12 0.0000
19.13 0.0000
19.14 0.0000
19.15 0.0000
19.16 0.0000
19.17 0.0000
19.18 0.0000
19.19 0.0000
19.20 291.5521
19.21 294.7269
19.22 295.7928
19.23 295.7928
19.24 295.7928
19.25 294.7269
19.26 293.6648
19.27 293.6648
19.28 293.6648
19.29 293.6648
19.30 293.6648
19.31 293.6648
19.32 293.6648
19.33 294.7269
19.34 295.7928
19.35 295.7928
19.36 296.8626
19.37 296.8626
19.38 297.9362
19.39 297.9362
19.40 297.9362
19.41 299.0138
19.42 299.0138
19.43 299.0138
19.44 299.0138
19.45 299.0138
19.46 299.0138
19.47 299.0138
19.48 299.0138
19.49 297.9362
19.50 297.9362
19.51 297.9362
19.52 297.9362
19.53 296.8626
19.54 296.8626
19.55 296.8626
19.56 297.9362
19.57 297.9362
19.58 297.9362
19.59 297.9362
19.60 299.0138
19.61 300.0952
19.62 300.0952
19.63 300.0952
19.64 299.0138
19.65 299.0138
19.66 299.0138
19.67 297.9362
19.68 297.9362
19.69 296.8626
19.70 296.8626
19.71 296.8626
19.72 296.8626
19.73 297.9362
19.74 297.9362
19.75 297.9362
19.76 297.9362
19.77 297.9362
19.78 297.9362
19.79 297.9362
19.80 297.9362
19.81 296.8626
19.82 295.7928
19.83 294.7269
19.84 292.6065
19.85 289.4546
19.86 285.3047
19.87 277.1826
19.88 276.1838
19.89 272.2242
19.90 266.3910
19.91 259.7434
19.92 249.6307
19.93 245.1651
19.94 234.7709
19.95 232.2419
19.96 225.6305
19.97 224.8174
19.98 224.8174
19.99 224.8174
20.00 225.6305
20.01 227.2655
20.02 227.2655
20.03 227.2655
20.04 227.2655
20.05 226.4465
20.06 225.6305
20.07 225.6305
20.08 225.6305
20.09 225.6305
20.10 225.6305
20.11 224.8174
20.12 224.8174
20.13 224.8174
20.14 224.8174
20.15 224.8174
20.16 225.6305
20.17 225.6305
20.18 225.6305
20.19 225.6305
20.20 225.6305
20.21 224.8174
20.22 224.8174
20.23 224.0072
20.24 223.2000
20.25 222.3956
20.26 222.3956
20.27 221.5942
20.28 221.5942
20.29 220.7957
20.30 220.7957
20.31 220.7957
20.32 220.7957
20.33 220.7957
20.34 220.7957
20.35 220.7957
20.36 221.5942
20.37 221.5942
20.38 222.3956
20.39 222.3956
20.40 223.2000
20.41 223.2000
20.42 223.2000
20.43 222.3956
20.44 222.3956
20.45 222.3956
20.46 221.5942
20.47 221.5942
20.48 221.5942
20.49 221.5942
20.50 221.5942
20.51 221.5942
20.52 221.5942
20.53 221.5942
20.54 222.3956
20.55 223.2000
20.56 223.2000
20.57 224.0072
20.58 224.8174
20.59 224.8174
20.60 225.6305
20.61 227.2655
20.62 227.2655
20.63 227.2655
20.64 0.0000
20.65 0.0000
20.66 0.0000
20.67 0.0000
20.68 0.0000
20.69 0.0000
20.70 0.0000
20.71 0.0000
20.72 0.0000
20.73 0.0000
20.74 0.0000
20.75 0.0000
20.76 0.0000
20.77 0.0000
20.78 0.0000
20.79 0.0000
20.80 0.0000
20.81 0.0000
20.82 0.0000
20.83 0.0000
20.84 0.0000
20.85 0.0000
20.86 0.0000
20.87 0.0000
20.88 0.0000
20.89 0.0000
20.90 0.0000
20.91 0.0000
20.92 0.0000
20.93 0.0000
20.94 0.0000
20.95 0.0000
20.96 0.0000
20.97 0.0000
20.98 0.0000
20.99 0.0000
21.00 0.0000
21.01 0.0000
21.02 0.0000
21.03 0.0000
21.04 0.0000
21.05 0.0000
21.06 0.0000
21.07 0.0000
21.08 0.0000
21.09 0.0000
21.10 0.0000
21.11 0.0000
21.12 0.0000
21.13 0.0000
21.14 0.0000
21.15 0.0000
21.16 0.0000
21.17 0.0000
21.18 0.0000
21.19 0.0000
21.20 0.0000
21.21 0.0000
21.22 0.0000
21.23 0.0000
21.24 0.0000
21.25 0.0000
21.26 0.0000
21.27 0.0000
21.28 0.0000
21.29 0.0000
21.30 0.0000
21.31 0.0000
21.32 0.0000
21.33 0.0000
21.34 0.0000
21.35 0.0000
21.36 0.0000
21.37 0.0000
21.38 0.0000
21.39 0.0000
21.40 0.0000
21.41 0.0000
21.42 0.0000
21.43 0.0000
21.44 0.0000
21.45 0.0000
21.46 0.0000
21.47 0.0000
21.48 0.0000
21.49 0.0000
21.50 0.0000
21.51 0.0000
21.52 0.0000
21.53 0.0000
21.54 0.0000
21.55 0.0000
21.56 0.0000
21.57 0.0000
21.58 0.0000
21.59 0.0000
21.60 0.0000
21.61 0.0000
21.62 0.0000
21.63 0.0000
21.64 0.0000
21.65 0.0000
21.66 0.0000
21.67 0.0000
21.68 0.0000
21.69 0.0000
21.70 0.0000
21.71 0.0000
21.72 0.0000
21.73 0.0000
21.74 299.0138
21.75 299.0138
21.76 299.0138
21.77 299.0138
21.78 299.0138
21.79 299.0138
21.80 297.9362
21.81 297.9362
21.82 296.8626
21.83 294.7269
21.84 293.6648
21.85 291.5521
21.86 291.5521
21.87 291.5521
21.88 291.5521
21.89 291.5521
21.90 292.6065
21.91 293.6648
21.92 295.7928
21.93 295.7928
21.94 296.8626
21.95 297.9362
21.96 297.9362
21.97 297.9362
21.98 297.9362
21.99 297.9362
22.00 297.9362
22.01 293.6648
22.02 292.6065
22.03 292.6065
22.04 292.6065
22.05 292.6065
22.06 292.6065
22.07 293.6648
22.08 293.6648
22.09 295.7928
22.10 297.9362
22.11 299.0138
22.12 299.0138
22.13 299.0138
22.14 299.0138
22.15 299.0138
22.16 297.9362
22.17 297.9362
22.18 296.8626
22.19 292.6065
22.20 288.4115
22.21 288.4115
22.22 278.1851
22.23 278.1851
22.24 278.1851
22.25 0.0000
22.26 0.0000
22.27 0.0000
22.28 0.0000
22.29 0.0000
22.30 217.6302
22.31 217.6302
22.32 217.6302
22.33 217.6302
22.34 217.6302
22.35 218.4173
22.36 219.2072
22.37 220.0000
22.38 221.5942
22.39 221.5942
22.40 221.5942
22.41 220.7957
22.42 220.7957
22.43 220.7957
22.44 220.7957
22.45 220.7957
22.46 221.5942
22.47 222.3956
22.48 222.3956
22.49 224.0072
22.50 224.0072
22.51 224.0072
22.52 224.0072
22.53 223.2000
22.54 223.2000
22.55 223.2000
22.56 223.2000
22.57 223.2000
22.58 222.3956
22.59 222.3956
22.60 221.5942
22.61 221.5942
22.62 221.5942
22.63 222.3956
22.64 223.2000
22.65 224.0072
22.66 224.0072
22.67 224.8174
22.68 224.8174
22.69 225.6305
22.70 225.6305
22.71 226.4465
22.72 226.4465
22.73 226.4465
22.74 0.0000
22.75 0.0000
22.76 0.0000
22.77 0.0000
22.78 0.0000
22.79 0.0000
22.80 0.0000
22.81 0.0000
22.82 0.0000
22.83 0.0000
22.84 0.0000
22.85 0.0000
22.86 0.0000
22.87 0.0000
22.88 0.0000
22.89 0.0000
22.90 0.0000
22.91 0.0000
22.92 0.0000
22.93 0.0000
22.94 0.0000
22.95 0.0000
22.96 0.0000
22.97 0.0000
22.98 0.0000
22.99 0.0000
23.00 0.0000
23.01 0.0000
23.02 0.0000
23.03 0.0000
23.04 0.0000
23.05 0.0000
23.06 0.0000
23.07 0.0000
23.08 0.0000
23.09 0.0000
23.10 0.0000
23.11 0.0000
23.12 0.0000
23.13 0.0000
23.14 0.0000
23.15 0.0000
23.16 0.0000
23.17 0.0000
23.18 0.0000
23.19 0.0000
23.20 0.0000
23.21 0.0000
23.22 0.0000
23.23 0.0000
23.24 0.0000
23.25 0.0000
23.26 0.0000
23.27 0.0000
23.28 0.0000
23.29 0.0000
23.30 0.0000
23.31 0.0000
23.32 0.0000
23.33 0.0000
23.34 0.0000
23.35 0.0000
23.36 0.0000
23.37 0.0000
23.38 0.0000
23.39 0.0000
23.40 0.0000
23.41 0.0000
23.42 0.0000
23.43 0.0000
23.44 0.0000
23.45 0.0000
23.46 0.0000
23.47 0.0000
23.48 0.0000
23.49 0.0000
23.50 0.0000
23.51 0.0000
23.52 0.0000
23.53 0.0000
23.54 0.0000
23.55 0.0000
23.56 0.0000
23.57 0.0000
23.58 0.0000
23.59 0.0000
23.60 0.0000
23.61 0.0000
23.62 0.0000
23.63 0.0000
23.64 0.0000
23.65 0.0000
23.66 0.0000
23.67 0.0000
23.68 0.0000
23.69 0.0000
23.70 0.0000
23.71 0.0000
23.72 0.0000
23.73 0.0000
23.74 0.0000
23.75 0.0000
23.76 0.0000
23.77 0.0000
23.78 0.0000
23.79 0.0000
23.80 0.0000
23.81 0.0000
23.82 0.0000
23.83 0.0000
23.84 0.0000
23.85 0.0000
23.86 0.0000
