0.00 0.0000
0.01 0.0000
0.02 0.0000
0.03 0.0000
0.04 0.0000
0.05 0.0000
0.06 0.0000
0.07 0.0000
0.08 0.0000
0.09 0.0000
0.10 0.0000
0.11 0.0000
0.12 0.0000
0.13 0.0000
0.14 0.0000
0.15 0.0000
0.16 0.0000
0.17 0.0000
0.18 0.0000
0.19 0.0000
0.20 0.0000
0.21 0.0000
0.22 0.0000
0.23 0.0000
0.24 0.0000
0.25 0.0000
0.26 0.0000
0.27 0.0000
0.28 0.0000
0.29 0.0000
0.30 0.0000
0.31 0.0000
0.32 0.0000
0.33 0.0000
0.34 0.0000
0.35 0.0000
0.36 0.0000
0.37 0.0000
0.38 0.0000
0.39 0.0000
0.40 0.0000
0.41 0.0000
0.42 0.0000
0.43 0.0000
0.44 0.0000
0.45 0.0000
0.46 0.0000
0.47 0.0000
0.48 0.0000
0.49 0.0000
0.50 0.0000
0.51 0.0000
0.52 0.0000
0.53 0.0000
0.54 0.0000
0.55 0.0000
0.56 0.0000
0.57 0.0000
0.58 0.0000
0.59 0.0000
0.60 0.0000
0.61 0.0000
0.62 0.0000
0.63 0.0000
0.64 0.0000
0.65 0.0000
0.66 0.0000
0.67 0.0000
0.68 0.0000
0.69 0.0000
0.70 0.0000
0.71 0.0000
0.72 0.0000
0.73 0.0000
0.74 0.0000
0.75 0.0000
0.76 0.0000
0.77 0.0000
0.78 0.0000
0.79 0.0000
0.80 0.0000
0.81 0.0000
0.82 0.0000
0.83 0.0000
0.84 0.0000
0.85 0.0000
0.86 0.0000
0.87 0.0000
0.88 0.0000
0.89 0.0000
0.90 0.0000
0.91 0.0000
0.92 0.0000
0.93 152.7807
0.94 153.3332
0.95 153.3332
0.96 153.8878
0.97 155.0029
0.98 155.5635
0.99 155.5635
1.00 156.1261
1.01 157.2575
1.02 157.8262
1.03 159.5448
1.04 160.1219
1.05 160.1219
1.06 161.2822
1.07 162.4509
1.08 163.0384
1.09 164.8138
1.10 165.4099
1.11 170.8725
1.12 174.6141
1.13 182.3449
1.14 193.8864
1.15 194.5877
1.16 194.5877
1.17 194.5877
1.18 193.8864
1.19 193.1877
1.20 192.4916
1.21 191.7979
1.22 191.7979
1.23 191.7979
1.24 193.1877
1.25 193.8864
1.26 195.2914
1.27 196.7066
1.28 197.4180
1.29 198.1320
1.30 198.1320
1.31 199.5677
1.32 201.0139
1.33 201.7409
1.34 203.2028
1.35 203.2028
1.36 203.2028
1.37 203.2028
1.38 203.2028
1.39 202.4705
1.40 201.0139
1.41 200.2895
1.42 198.1320
1.43 196.7066
1.44 193.8864
1.45 191.7979
1.46 189.7318
1.47 187.6881
1.48 187.0117
1.49 187.0117
1.50 187.0117
1.51 187.6881
1.52 189.0481
1.53 189.7318
1.54 190.4180
1.55 191.7979
1.56 191.7979
1.57 191.7979
1.58 191.1067
1.59 189.7318
1.60 186.3378
1.61 183.6663
1.62 178.4377
1.63 172.7332
1.64 168.4227
1.65 161.8655
1.66 160.1219
1.67 159.5448
1.68 159.5448
1.69 159.5448
1.70 159.5448
1.71 160.1219
1.72 161.2822
1.73 161.8655
1.74 161.8655
1.75 161.8655
1.76 161.8655
1.77 160.7010
1.78 160.7010
1.79 160.1219
1.80 160.1219
1.81 160.1219
1.82 0.0000
1.83 0.0000
1.84 0.0000
1.85 0.0000
1.86 0.0000
1.87 0.0000
1.88 0.0000
1.89 0.0000
1.90 0.0000
1.91 0.0000
1.92 0.0000
1.93 0.0000
1.94 0.0000
1.95 0.0000
1.96 0.0000
1.97 0.0000
1.98 0.0000
1.99 0.0000
2.00 0.0000
2.01 0.0000
2.02 0.0000
2.03 0.0000
2.04 0.0000
2.05 0.0000
2.06 0.0000
2.07 0.0000
2.08 0.0000
2.09 0.0000
2.10 0.0000
2.11 0.0000
2.12 0.0000
2.13 0.0000
2.14 0.0000
2.15 0.0000
2.16 0.0000
2.17 0.0000
2.18 0.0000
2.19 0.0000
2.20 0.0000
2.21 0.0000
2.22 0.0000
2.23 0.0000
2.24 0.0000
2.25 0.0000
2.26 0.0000
2.27 0.0000
2.28 0.0000
2.29 0.0000
2.30 0.0000
2.31 0.0000
2.32 0.0000
2.33 0.0000
2.34 169.0319
2.35 169.0319
2.36 169.0319
2.37 169.0319
2.38 169.6432
2.39 170.2567
2.40 170.8725
2.41 171.4905
2.42 172.1107
2.43 172.1107
2.44 173.3579
2.45 174.6141
2.46 174.6141
2.47 174.6141
2.48 174.6141
2.49 175.2456
2.50 175.8794
2.51 176.5155
2.52 179.7307
2.53 183.0044
2.54 187.0117
2.55 192.4916
2.56 195.9977
2.57 198.1320
2.58 198.1320
2.59 198.1320
2.60 198.1320
2.61 197.4180
2.62 195.9977
2.63 195.2914
2.64 195.2914
2.65 195.2914
2.66 195.2914
2.67 195.9977
2.68 195.9977
2.69 197.4180
2.70 198.8486
2.71 199.5677
2.72 201.0139
2.73 206.1584
2.74 206.9040
2.75 212.1993
2.76 217.6302
2.77 220.0000
2.78 222.3956
2.79 227.2655
2.80 227.2655
2.81 227.2655
2.82 227.2655
2.83 226.4465
2.84 225.6305
2.85 224.8174
2.86 224.8174
2.87 224.8174
2.88 224.8174
2.89 224.8174
2.90 225.6305
2.91 226.4465
2.92 227.2655
2.93 229.7402
2.94 232.2419
2.95 233.9249
2.96 239.0471
2.97 241.6502
2.98 243.4013
2.99 248.7311
3.00 249.6307
3.01 254.1776
3.02 254.1776
3.03 254.1776
3.04 253.2616
3.05 252.3490
3.06 249.6307
3.07 248.7311
3.08 247.8348
3.09 246.9417
3.10 246.0518
3.11 246.0518
3.12 246.0518
3.13 246.0518
3.14 246.0518
3.15 246.0518
3.16 246.0518
3.17 246.0518
3.18 246.9417
3.19 246.9417
3.20 247.8348
3.21 247.8348
3.22 247.8348
3.23 247.8348
3.24 247.8348
3.25 247.8348
3.26 247.8348
3.27 247.8348
3.28 246.9417
3.29 246.0518
3.30 246.0518
3.31 246.0518
3.32 246.0518
3.33 246.0518
3.34 246.0518
3.35 246.0518
3.36 246.0518
3.37 246.9417
3.38 246.9417
3.39 247.8348
3.40 248.7311
3.41 249.6307
3.42 249.6307
3.43 249.6307
3.44 249.6307
3.45 249.6307
3.46 248.7311
3.47 247.8348
3.48 247.8348
3.49 246.0518
3.50 246.0518
3.51 246.0518
3.52 245.1651
3.53 245.1651
3.54 245.1651
3.55 245.1651
3.56 246.0518
3.57 248.7311
3.58 253.2616
3.59 254.1776
3.60 255.0969
3.61 256.0195
3.62 256.0195
3.63 256.0195
3.64 255.0969
3.65 254.1776
3.66 253.2616
3.67 249.6307
3.68 246.0518
3.69 243.4013
3.70 242.5242
3.71 241.6502
3.72 241.6502
3.73 241.6502
3.74 241.6502
3.75 244.2816
3.76 249.6307
3.77 253.2616
3.78 253.2616
3.79 253.2616
3.80 252.3490
3.81 252.3490
3.82 250.5335
3.83 248.7311
3.84 246.0518
3.85 245.1651
3.86 243.4013
3.87 242.5242
3.88 241.6502
3.89 240.7794
3.90 239.9117
3.91 239.9117
3.92 239.9117
3.93 240.7794
3.94 241.6502
3.95 244.2816
3.96 246.0518
3.97 248.7311
3.98 250.5335
3.99 253.2616
4.00 254.1776
4.01 254.1776
4.02 254.1776
4.03 0.0000
4.04 0.0000
4.05 0.0000
4.06 0.0000
4.07 0.0000
4.08 0.0000
4.09 0.0000
4.10 0.0000
4.11 0.0000
4.12 0.0000
4.13 0.0000
4.14 0.0000
4.15 0.0000
4.16 0.0000
4.17 0.0000
4.18 0.0000
4.19 0.0000
4.20 0.0000
4.21 0.0000
4.22 0.0000
4.23 0.0000
4.24 0.0000
4.25 0.0000
4.26 0.0000
4.27 0.0000
4.28 0.0000
4.29 0.0000
4.30 0.0000
4.31 0.0000
4.32 0.0000
4.33 0.0000
4.34 0.0000
4.35 0.0000
4.36 0.0000
4.37 0.0000
4.38 0.0000
4.39 0.0000
4.40 0.0000
4.41 0.0000
4.42 0.0000
4.43 0.0000
4.44 0.0000
4.45 0.0000
4.46 0.0000
4.47 0.0000
4.48 0.0000
4.49 0.0000
4.50 0.0000
4.51 0.0000
4.52 0.0000
4.53 0.0000
4.54 0.0000
4.55 0.0000
4.56 0.0000
4.57 0.0000
4.58 0.0000
4.59 0.0000
4.60 0.0000
4.61 0.0000
4.62 0.0000
4.63 0.0000
4.64 0.0000
4.65 0.0000
4.66 0.0000
4.67 0.0000
4.68 0.0000
4.69 0.0000
4.70 0.0000
4.71 0.0000
4.72 0.0000
4.73 0.0000
4.74 0.0000
4.75 0.0000
4.76 0.0000
4.77 0.0000
4.78 0.0000
4.79 0.0000
4.80 0.0000
4.81 0.0000
4.82 0.0000
4.83 0.0000
4.84 0.0000
4.85 0.0000
4.86 0.0000
4.87 0.0000
4.88 0.0000
4.89 0.0000
4.90 0.0000
4.91 0.0000
4.92 0.0000
4.93 0.0000
4.94 0.0000
4.95 0.0000
