0.00 0.0000
0.01 0.0000
0.02 0.0000
0.03 0.0000
0.04 0.0000
0.05 0.0000
0.06 0.0000
0.07 0.0000
0.08 0.0000
0.09 0.0000
0.10 0.0000
0.11 0.0000
0.12 0.0000
0.13 0.0000
0.14 0.0000
0.15 0.0000
0.16 0.0000
0.17 0.0000
0.18 0.0000
0.19 0.0000
0.20 0.0000
0.21 0.0000
0.22 0.0000
0.23 0.0000
0.24 0.0000
0.25 0.0000
0.26 0.0000
0.27 0.0000
0.28 0.0000
0.29 0.0000
0.30 0.0000
0.31 0.0000
0.32 0.0000
0.33 0.0000
0.34 0.0000
0.35 0.0000
0.36 0.0000
0.37 0.0000
0.38 0.0000
0.39 0.0000
0.40 0.0000
0.41 0.0000
0.42 0.0000
0.43 0.0000
0.44 0.0000
0.45 0.0000
0.46 0.0000
0.47 0.0000
0.48 0.0000
0.49 0.0000
0.50 0.0000
0.51 0.0000
0.52 0.0000
0.53 0.0000
0.54 0.0000
0.55 0.0000
0.56 0.0000
0.57 0.0000
0.58 0.0000
0.59 0.0000
0.60 0.0000
0.61 0.0000
0.62 192.4916
0.63 193.1877
0.64 193.8864
0.65 195.2914
0.66 195.2914
0.67 195.2914
0.68 195.2914
0.69 195.9977
0.70 195.9977
0.71 195.9977
0.72 195.9977
0.73 195.9977
0.74 195.9977
0.75 196.7066
0.76 198.1320
0.77 199.5677
0.78 200.2895
0.79 201.0139
0.80 201.7409
0.81 202.4705
0.82 203.2028
0.83 203.9377
0.84 204.6753
0.85 205.4155
0.86 206.1584
0.87 206.9040
0.88 208.4034
0.89 213.7370
0.90 216.0645
0.91 216.8459
0.92 217.6302
0.93 217.6302
0.94 217.6302
0.95 217.6302
0.96 217.6302
0.97 216.8459
0.98 216.0645
0.99 215.2859
1.00 215.2859
1.01 215.2859
1.02 216.0645
1.03 216.8459
1.04 217.6302
1.05 217.6302
1.06 218.4173
1.07 219.2072
1.08 219.2072
1.09 220.0000
1.10 220.0000
1.11 220.0000
1.12 220.0000
1.13 220.0000
1.14 220.0000
1.15 220.0000
1.16 220.0000
1.17 220.0000
1.18 219.2072
1.19 218.4173
1.20 218.4173
1.21 218.4173
1.22 218.4173
1.23 218.4173
1.24 218.4173
1.25 218.4173
1.26 219.2072
1.27 220.0000
1.28 220.0000
1.29 220.7957
1.30 221.5942
1.31 221.5942
1.32 221.5942
1.33 221.5942
1.34 220.7957
1.35 220.7957
1.36 220.0000
1.37 218.4173
1.38 217.6302
1.39 216.8459
1.40 216.8459
1.41 216.8459
1.42 216.8459
1.43 216.0645
1.44 214.5100
1.45 213.7370
1.46 212.9668
1.47 211.4347
1.48 209.9135
1.49 208.4034
1.50 201.7409
1.51 201.0139
1.52 199.5677
1.53 198.1320
1.54 198.1320
1.55 196.7066
1.56 196.7066
1.57 196.7066
1.58 196.7066
1.59 196.7066
1.60 196.7066
1.61 197.4180
1.62 197.4180
1.63 197.4180
1.64 197.4180
1.65 198.1320
1.66 198.1320
1.67 198.8486
1.68 199.5677
1.69 200.2895
1.70 201.0139
1.71 201.7409
1.72 203.9377
1.73 206.1584
1.74 207.6523
1.75 212.1993
1.76 214.5100
1.77 217.6302
1.78 220.7957
1.79 222.3956
1.80 222.3956
1.81 222.3956
1.82 222.3956
1.83 222.3956
1.84 222.3956
1.85 221.5942
1.86 219.2072
1.87 219.2072
1.88 219.2072
1.89 218.4173
1.90 218.4173
1.91 218.4173
1.92 218.4173
1.93 218.4173
1.94 218.4173
1.95 219.2072
1.96 220.0000
1.97 220.0000
1.98 220.7957
1.99 221.5942
2.00 221.5942
2.01 221.5942
2.02 221.5942
2.03 221.5942
2.04 221.5942
2.05 221.5942
2.06 220.7957
2.07 220.7957
2.08 220.7957
2.09 220.7957
2.10 220.7957
2.11 220.7957
2.12 220.7957
2.13 221.5942
2.14 222.3956
2.15 225.6305
2.16 228.0874
2.17 242.5242
2.18 245.1651
2.19 249.6307
2.20 249.6307
2.21 258.8073
2.22 262.5718
2.23 266.3910
2.24 266.3910
2.25 268.3214
2.26 269.2918
2.27 269.2918
2.28 269.2918
2.29 269.2918
2.30 268.3214
2.31 266.3910
2.32 266.3910
2.33 265.4310
2.34 265.4310
2.35 265.4310
2.36 264.4745
2.37 264.4745
2.38 264.4745
2.39 264.4745
2.40 263.5214
2.41 263.5214
2.42 263.5214
2.43 262.5718
2.44 262.5718
2.45 262.5718
2.46 262.5718
2.47 262.5718
2.48 258.8073
2.49 256.9454
2.50 255.0969
2.51 253.2616
2.52 248.7311
2.53 244.2816
2.54 240.7794
2.55 239.0471
2.56 209.1571
2.57 194.5877
2.58 193.8864
2.59 189.7318
2.60 189.7318
2.61 189.7318
2.62 189.7318
2.63 191.1067
2.64 191.7979
2.65 192.4916
2.66 193.1877
2.67 193.1877
2.68 193.8864
2.69 193.8864
2.70 193.8864
2.71 193.8864
2.72 193.8864
2.73 193.8864
2.74 193.8864
2.75 193.1877
2.76 193.1877
2.77 192.4916
2.78 192.4916
2.79 192.4916
2.80 192.4916
2.81 192.4916
2.82 192.4916
2.83 193.1877
2.84 193.8864
2.85 194.5877
2.86 195.9977
2.87 198.1320
2.88 199.5677
2.89 200.2895
2.90 200.2895
2.91 200.2895
2.92 200.2895
2.93 198.8486
2.94 198.1320
2.95 197.4180
2.96 196.7066
2.97 195.2914
2.98 195.2914
2.99 195.2914
3.00 195.2914
3.01 195.9977
3.02 196.7066
3.03 197.4180
3.04 198.1320
3.05 198.1320
3.06 198.1320
3.07 198.1320
3.08 198.1320
3.09 198.1320
3.10 195.9977
3.11 195.9977
3.12 194.5877
3.13 193.8864
3.14 193.8864
3.15 193.8864
3.16 194.5877
3.17 195.2914
3.18 195.9977
3.19 197.4180
3.20 198.1320
3.21 198.1320
3.22 198.8486
3.23 198.8486
3.24 199.5677
3.25 200.2895
3.26 200.2895
3.27 200.2895
3.28 200.2895
3.29 200.2895
3.30 200.2895
3.31 200.2895
3.32 200.2895
3.33 200.2895
3.34 199.5677
3.35 198.8486
3.36 198.1320
3.37 196.7066
3.38 195.9977
3.39 193.8864
3.40 192.4916
3.41 158.3970
3.42 158.3970
3.43 157.2575
3.44 155.5635
3.45 142.6524
3.46 139.5956
3.47 139.0926
3.48 137.0984
3.49 137.0984
3.50 137.0984
3.51 137.0984
3.52 136.6044
3.53 136.6044
3.54 136.6044
3.55 136.1121
3.56 136.1121
3.57 136.1121
3.58 136.1121
3.59 136.6044
3.60 136.6044
3.61 137.0984
3.62 137.0984
3.63 137.0984
3.64 137.5943
3.65 137.5943
3.66 137.5943
3.67 138.0919
3.68 138.0919
3.69 139.0926
3.70 139.0926
3.71 139.5956
3.72 143.1683
3.73 143.6861
3.74 145.2507
3.75 146.3033
3.76 151.1349
3.77 152.7807
3.78 154.4443
3.79 168.4227
3.80 171.4905
3.81 171.4905
3.82 175.8794
3.83 176.5155
3.84 176.5155
3.85 176.5155
3.86 175.8794
3.87 175.2456
3.88 172.7332
3.89 172.1107
3.90 171.4905
3.91 171.4905
3.92 171.4905
3.93 171.4905
3.94 171.4905
3.95 171.4905
3.96 170.8725
3.97 170.8725
3.98 170.8725
3.99 170.8725
4.00 171.4905
4.01 171.4905
4.02 171.4905
4.03 172.7332
4.04 172.7332
4.05 172.7332
4.06 172.7332
4.07 172.7332
4.08 172.7332
4.09 172.1107
4.10 172.1107
4.11 172.1107
4.12 172.1107
4.13 172.1107
4.14 172.1107
4.15 172.7332
4.16 172.7332
4.17 172.7332
4.18 172.7332
4.19 173.3579
4.20 173.3579
4.21 173.3579
4.22 173.3579
4.23 173.3579
4.24 173.3579
4.25 173.3579
4.26 173.9849
4.27 173.9849
4.28 174.6141
4.29 174.6141
4.30 174.6141
4.31 174.6141
4.32 174.6141
4.33 174.6141
4.34 171.4905
4.35 169.6432
4.36 169.0319
4.37 166.6085
4.38 166.6085
4.39 166.0081
4.40 165.4099
4.41 163.6281
4.42 163.0384
4.43 162.4509
4.44 162.4509
4.45 162.4509
4.46 162.4509
4.47 163.0384
4.48 163.0384
4.49 163.0384
4.50 163.0384
4.51 163.0384
4.52 163.0384
4.53 163.0384
4.54 163.0384
4.55 163.6281
4.56 163.6281
4.57 164.2199
4.58 164.8138
4.59 165.4099
4.60 166.0081
4.61 167.2111
4.62 169.6432
4.63 170.8725
4.64 172.1107
4.65 175.8794
4.66 176.5155
4.67 176.5155
4.68 176.5155
4.69 176.5155
4.70 175.8794
4.71 175.2456
4.72 173.3579
4.73 172.7332
4.74 172.1107
4.75 171.4905
4.76 170.8725
4.77 170.8725
4.78 170.8725
4.79 170.8725
4.80 171.4905
4.81 171.4905
4.82 172.1107
4.83 172.1107
4.84 172.1107
4.85 172.7332
4.86 172.7332
4.87 173.3579
4.88 173.9849
4.89 175.2456
4.90 177.7946
4.91 178.4377
4.92 182.3449
4.93 186.3378
4.94 187.0117
4.95 195.9977
4.96 206.1584
4.97 206.9040
4.98 209.9135
4.99 213.7370
5.00 217.6302
5.01 221.5942
5.02 222.3956
5.03 222.3956
5.04 222.3956
5.05 222.3956
5.06 221.5942
5.07 220.7957
5.08 217.6302
5.09 216.8459
5.10 215.2859
5.11 215.2859
5.12 214.5100
5.13 214.5100
5.14 214.5100
5.15 214.5100
5.16 215.2859
5.17 216.0645
5.18 216.8459
5.19 217.6302
5.20 217.6302
5.21 217.6302
5.22 217.6302
5.23 217.6302
5.24 217.6302
5.25 217.6302
5.26 217.6302
5.27 213.7370
5.28 212.1993
5.29 211.4347
5.30 210.6727
5.31 209.9135
5.32 209.9135
5.33 209.9135
5.34 211.4347
5.35 212.1993
5.36 212.9668
5.37 213.7370
5.38 213.7370
5.39 214.5100
5.40 214.5100
5.41 214.5100
5.42 213.7370
5.43 213.7370
5.44 213.7370
5.45 213.7370
5.46 212.9668
5.47 212.1993
5.48 212.1993
5.49 212.1993
5.50 212.9668
5.51 212.9668
5.52 213.7370
5.53 214.5100
5.54 215.2859
5.55 216.8459
5.56 217.6302
5.57 217.6302
5.58 218.4173
5.59 220.0000
5.60 220.0000
5.61 220.0000
5.62 219.2072
5.63 218.4173
5.64 217.6302
5.65 216.0645
5.66 214.5100
5.67 213.7370
5.68 213.7370
5.69 213.7370
5.70 213.7370
5.71 213.7370
5.72 214.5100
5.73 216.0645
5.74 217.6302
5.75 217.6302
5.76 218.4173
5.77 220.0000
5.78 220.0000
5.79 220.0000
5.80 218.4173
5.81 217.6302
5.82 217.6302
5.83 216.8459
5.84 215.2859
5.85 215.2859
5.86 215.2859
5.87 215.2859
5.88 215.2859
5.89 216.0645
5.90 216.8459
5.91 217.6302
5.92 217.6302
5.93 217.6302
5.94 217.6302
5.95 217.6302
5.96 217.6302
5.97 216.8459
5.98 0.0000
5.99 0.0000
6.00 0.0000
6.01 0.0000
6.02 0.0000
6.03 0.0000
6.04 0.0000
6.05 0.0000
6.06 0.0000
6.07 0.0000
6.08 0.0000
6.09 0.0000
6.10 0.0000
6.11 0.0000
6.12 0.0000
6.13 0.0000
6.14 0.0000
6.15 0.0000
6.16 0.0000
6.17 0.0000
6.18 0.0000
6.19 193.1877
6.20 193.1877
6.21 193.1877
6.22 192.4916
6.23 0.0000
6.24 0.0000
6.25 0.0000
6.26 0.0000
6.27 0.0000
6.28 0.0000
6.29 0.0000
6.30 195.2914
6.31 195.2914
6.32 195.2914
6.33 195.2914
6.34 195.2914
6.35 186.3378
6.36 184.3305
6.37 183.6663
6.38 0.0000
6.39 0.0000
6.40 0.0000
6.41 0.0000
6.42 0.0000
6.43 0.0000
6.44 188.3669
6.45 188.3669
6.46 188.3669
6.47 186.3378
6.48 184.9972
6.49 0.0000
6.50 0.0000
6.51 0.0000
6.52 0.0000
6.53 0.0000
6.54 0.0000
6.55 0.0000
6.56 0.0000
6.57 0.0000
6.58 0.0000
6.59 0.0000
6.60 0.0000
6.61 0.0000
6.62 0.0000
6.63 0.0000
6.64 0.0000
6.65 0.0000
6.66 0.0000
6.67 0.0000
6.68 0.0000
6.69 0.0000
6.70 0.0000
6.71 0.0000
6.72 0.0000
6.73 0.0000
6.74 0.0000
6.75 0.0000
6.76 0.0000
6.77 0.0000
6.78 0.0000
6.79 0.0000
6.80 0.0000
6.81 0.0000
