0.00 0.0000
0.01 0.0000
0.02 0.0000
0.03 0.0000
0.04 0.0000
0.05 0.0000
0.06 0.0000
0.07 0.0000
0.08 0.0000
0.09 0.0000
0.10 0.0000
0.11 0.0000
0.12 0.0000
0.13 0.0000
0.14 0.0000
0.15 0.0000
0.16 0.0000
0.17 0.0000
0.18 0.0000
0.19 0.0000
0.20 0.0000
0.21 0.0000
0.22 0.0000
0.23 0.0000
0.24 0.0000
0.25 0.0000
0.26 0.0000
0.27 0.0000
0.28 0.0000
0.29 0.0000
0.30 0.0000
0.31 0.0000
0.32 0.0000
0.33 0.0000
0.34 0.0000
0.35 0.0000
0.36 0.0000
0.37 0.0000
0.38 0.0000
0.39 0.0000
0.40 0.0000
0.41 0.0000
0.42 0.0000
0.43 0.0000
0.44 0.0000
0.45 0.0000
0.46 0.0000
0.47 0.0000
0.48 0.0000
0.49 0.0000
0.50 0.0000
0.51 0.0000
0.52 0.0000
0.53 0.0000
0.54 0.0000
0.55 0.0000
0.56 0.0000
0.57 0.0000
0.58 0.0000
0.59 0.0000
0.60 0.0000
0.61 0.0000
0.62 0.0000
0.63 0.0000
0.64 0.0000
0.65 0.0000
0.66 0.0000
0.67 0.0000
0.68 0.0000
0.69 0.0000
0.70 0.0000
0.71 0.0000
0.72 0.0000
0.73 0.0000
0.74 0.0000
0.75 0.0000
0.76 0.0000
0.77 0.0000
0.78 0.0000
0.79 0.0000
0.80 0.0000
0.81 153.8878
0.82 153.8878
0.83 153.8878
0.84 153.8878
0.85 153.8878
0.86 154.4443
0.87 154.4443
0.88 155.0029
0.89 155.5635
0.90 156.1261
0.91 157.2575
0.92 157.8262
0.93 159.5448
0.94 159.5448
0.95 160.1219
0.96 160.1219
0.97 160.1219
0.98 160.1219
0.99 160.1219
1.00 160.1219
1.01 160.1219
1.02 160.1219
1.03 160.1219
1.04 160.1219
1.05 0.0000
1.06 0.0000
1.07 0.0000
1.08 0.0000
1.09 0.0000
1.10 0.0000
1.11 0.0000
1.12 0.0000
1.13 0.0000
1.14 0.0000
1.15 0.0000
1.16 0.0000
1.17 203.2028
1.18 203.9377
1.19 203.9377
1.20 203.9377
1.21 203.9377
1.22 203.9377
1.23 203.9377
1.24 203.2028
1.25 203.2028
1.26 203.2028
1.27 203.9377
1.28 204.6753
1.29 204.6753
1.30 205.4155
1.31 206.1584
1.32 206.1584
1.33 206.9040
1.34 207.6523
1.35 208.4034
1.36 209.1571
1.37 209.9135
1.38 211.4347
1.39 212.1993
1.40 212.9668
1.41 213.7370
1.42 213.7370
1.43 213.7370
1.44 212.1993
1.45 211.4347
1.46 0.0000
1.47 0.0000
1.48 0.0000
1.49 0.0000
1.50 0.0000
1.51 0.0000
1.52 0.0000
1.53 0.0000
1.54 0.0000
1.55 0.0000
1.56 0.0000
1.57 0.0000
1.58 0.0000
1.59 0.0000
1.60 199.5677
1.61 199.5677
1.62 199.5677
1.63 199.5677
1.64 199.5677
1.65 198.8486
1.66 198.8486
1.67 198.8486
1.68 198.8486
1.69 198.8486
1.70 199.5677
1.71 199.5677
1.72 199.5677
1.73 200.2895
1.74 200.2895
1.75 200.2895
1.76 200.2895
1.77 200.2895
1.78 201.0139
1.79 201.7409
1.80 202.4705
1.81 202.4705
1.82 203.2028
1.83 203.9377
1.84 204.6753
1.85 205.4155
1.86 205.4155
1.87 206.1584
1.88 206.1584
1.89 206.1584
1.90 206.1584
1.91 206.9040
1.92 207.6523
1.93 208.4034
1.94 212.1993
1.95 218.4173
1.96 222.3956
1.97 226.4465
1.98 231.4050
1.99 236.4721
2.00 240.7794
2.01 246.0518
2.02 248.7311
2.03 259.7434
2.04 261.6256
2.05 264.4745
2.06 264.4745
2.07 265.4310
2.08 265.4310
2.09 265.4310
2.10 265.4310
2.11 265.4310
2.12 265.4310
2.13 265.4310
2.14 266.3910
2.15 266.3910
2.16 267.3544
2.17 271.2432
2.18 271.2432
2.19 271.2432
2.20 271.2432
2.21 271.2432
2.22 271.2432
2.23 271.2432
2.24 270.2657
2.25 270.2657
2.26 269.2918
2.27 267.3544
2.28 266.3910
2.29 265.4310
2.30 262.5718
2.31 259.7434
2.32 255.0969
2.33 250.5335
2.34 248.7311
2.35 242.5242
2.36 239.9117
2.37 236.4721
2.38 235.6200
2.39 235.6200
2.40 235.6200
2.41 237.3274
2.42 238.1857
2.43 238.1857
2.44 239.0471
2.45 239.0471
2.46 239.0471
2.47 239.0471
2.48 239.0471
2.49 239.0471
2.50 239.0471
2.51 239.9117
2.52 239.9117
2.53 239.9117
2.54 240.7794
2.55 240.7794
2.56 240.7794
2.57 241.6502
2.58 241.6502
2.59 241.6502
2.60 241.6502
2.61 241.6502
2.62 241.6502
2.63 241.6502
2.64 241.6502
2.65 241.6502
2.66 241.6502
2.67 241.6502
2.68 241.6502
2.69 240.7794
2.70 239.9117
2.71 239.9117
2.72 239.9117
2.73 239.9117
2.74 241.6502
2.75 242.5242
2.76 245.1651
2.77 248.7311
2.78 250.5335
2.79 256.9454
2.80 258.8073
2.81 259.7434
2.82 261.6256
2.83 265.4310
2.84 271.2432
2.85 272.2242
2.86 273.2087
2.87 273.2087
2.88 273.2087
2.89 273.2087
2.90 273.2087
2.91 273.2087
2.92 272.2242
2.93 271.2432
2.94 270.2657
2.95 270.2657
2.96 270.2657
2.97 270.2657
2.98 270.2657
2.99 270.2657
3.00 271.2432
3.01 272.2242
3.02 272.2242
3.03 272.2242
3.04 272.2242
3.05 272.2242
3.06 272.2242
3.07 271.2432
3.08 271.2432
3.09 270.2657
3.10 0.0000
3.11 0.0000
3.12 0.0000
3.13 0.0000
3.14 0.0000
3.15 0.0000
3.16 0.0000
3.17 0.0000
3.18 0.0000
3.19 0.0000
3.20 0.0000
3.21 0.0000
3.22 0.0000
3.23 0.0000
3.24 0.0000
3.25 0.0000
3.26 207.6523
3.27 208.4034
3.28 209.1571
3.29 212.9668
3.30 213.7370
3.31 213.7370
3.32 213.7370
3.33 213.7370
3.34 213.7370
3.35 213.7370
3.36 213.7370
3.37 213.7370
3.38 213.7370
3.39 212.9668
3.40 212.1993
3.41 211.4347
3.42 209.9135
3.43 209.1571
3.44 208.4034
3.45 207.6523
3.46 207.6523
3.47 206.9040
3.48 206.1584
3.49 206.1584
3.50 206.1584
3.51 206.1584
3.52 206.9040
3.53 208.4034
3.54 209.1571
3.55 209.9135
3.56 211.4347
3.57 211.4347
3.58 211.4347
3.59 211.4347
3.60 211.4347
3.61 211.4347
3.62 211.4347
3.63 211.4347
3.64 211.4347
3.65 211.4347
3.66 211.4347
3.67 211.4347
3.68 211.4347
3.69 211.4347
3.70 212.1993
3.71 212.1993
3.72 212.1993
3.73 212.9668
3.74 212.9668
3.75 212.9668
3.76 212.9668
3.77 213.7370
3.78 214.5100
3.79 214.5100
3.80 216.0645
3.81 216.0645
3.82 216.0645
3.83 215.2859
3.84 215.2859
3.85 214.5100
3.86 213.7370
3.87 213.7370
3.88 213.7370
3.89 213.7370
3.90 213.7370
3.91 213.7370
3.92 212.9668
3.93 212.9668
3.94 212.9668
3.95 212.9668
3.96 213.7370
3.97 215.2859
3.98 216.8459
3.99 217.6302
4.00 220.0000
4.01 221.5942
4.02 222.3956
4.03 233.0819
4.04 233.0819
4.05 233.9249
4.06 237.3274
4.07 239.9117
4.08 242.5242
4.09 246.0518
4.10 249.6307
4.11 250.5335
4.12 252.3490
4.13 252.3490
4.14 252.3490
4.15 251.4396
4.16 250.5335
4.17 249.6307
4.18 248.7311
4.19 247.8348
4.20 245.1651
4.21 245.1651
4.22 244.2816
4.23 243.4013
4.24 243.4013
4.25 243.4013
4.26 243.4013
4.27 243.4013
4.28 243.4013
4.29 243.4013
4.30 243.4013
4.31 243.4013
4.32 244.2816
4.33 245.1651
4.34 246.0518
4.35 246.0518
4.36 246.0518
4.37 245.1651
4.38 243.4013
4.39 243.4013
4.40 243.4013
4.41 245.1651
4.42 247.8348
4.43 248.7311
4.44 250.5335
4.45 254.1776
4.46 256.0195
4.47 258.8073
4.48 261.6256
4.49 265.4310
4.50 270.2657
4.51 272.2242
4.52 275.1885
4.53 278.1851
4.54 278.1851
4.55 278.1851
4.56 278.1851
4.57 277.1826
4.58 277.1826
4.59 277.1826
4.60 277.1826
4.61 276.1838
4.62 273.2087
4.63 272.2242
4.64 271.2432
4.65 271.2432
4.66 271.2432
4.67 271.2432
4.68 271.2432
4.69 272.2242
4.70 273.2087
4.71 274.1968
4.72 274.1968
4.73 274.1968
4.74 274.1968
4.75 273.2087
4.76 273.2087
4.77 273.2087
4.78 0.0000
4.79 0.0000
4.80 0.0000
4.81 0.0000
4.82 0.0000
4.83 0.0000
4.84 0.0000
4.85 0.0000
4.86 0.0000
4.87 0.0000
4.88 0.0000
4.89 0.0000
4.90 0.0000
4.91 0.0000
4.92 0.0000
4.93 221.5942
4.94 221.5942
4.95 221.5942
4.96 218.4173
4.97 218.4173
4.98 218.4173
4.99 218.4173
5.00 218.4173
5.01 218.4173
5.02 218.4173
5.03 218.4173
5.04 218.4173
5.05 219.2072
5.06 219.2072
5.07 220.0000
5.08 220.0000
5.09 220.0000
5.10 220.0000
5.11 219.2072
5.12 219.2072
5.13 219.2072
5.14 219.2072
5.15 218.4173
5.16 218.4173
5.17 217.6302
5.18 216.8459
5.19 214.5100
5.20 212.9668
5.21 211.4347
5.22 209.1571
5.23 208.4034
5.24 206.1584
5.25 206.1584
5.26 193.8864
5.27 177.7946
5.28 176.5155
5.29 175.8794
5.30 175.2456
5.31 175.2456
5.32 174.6141
5.33 173.9849
5.34 173.3579
5.35 172.7332
5.36 172.7332
5.37 172.7332
5.38 172.1107
5.39 172.1107
5.40 171.4905
5.41 170.8725
5.42 170.8725
5.43 170.2567
5.44 170.2567
5.45 170.2567
5.46 170.8725
5.47 170.8725
5.48 171.4905
5.49 172.1107
5.50 172.7332
5.51 173.3579
5.52 173.3579
5.53 173.3579
5.54 173.3579
5.55 0.0000
5.56 0.0000
5.57 0.0000
5.58 0.0000
5.59 0.0000
5.60 0.0000
5.61 0.0000
5.62 0.0000
5.63 0.0000
5.64 0.0000
5.65 0.0000
5.66 0.0000
5.67 0.0000
5.68 0.0000
5.69 0.0000
5.70 0.0000
5.71 0.0000
5.72 0.0000
5.73 0.0000
5.74 0.0000
5.75 0.0000
5.76 0.0000
5.77 155.0029
5.78 155.0029
5.79 155.0029
5.80 155.0029
5.81 155.0029
5.82 154.4443
5.83 154.4443
5.84 153.8878
5.85 153.3332
5.86 152.7807
5.87 151.6815
5.88 151.6815
5.89 151.6815
5.90 152.2301
5.91 153.3332
5.92 153.3332
5.93 153.8878
5.94 153.8878
5.95 153.8878
5.96 153.8878
5.97 153.8878
5.98 154.4443
5.99 154.4443
6.00 154.4443
6.01 154.4443
6.02 154.4443
6.03 154.4443
6.04 154.4443
6.05 154.4443
6.06 153.8878
6.07 153.8878
6.08 153.8878
6.09 154.4443
6.10 154.4443
6.11 154.4443
6.12 154.4443
6.13 154.4443
6.14 154.4443
6.15 154.4443
6.16 154.4443
6.17 154.4443
6.18 154.4443
6.19 154.4443
6.20 155.0029
6.21 155.5635
6.22 155.5635
6.23 156.1261
6.24 156.1261
6.25 156.1261
6.26 156.1261
6.27 155.5635
6.28 155.5635
6.29 155.5635
6.30 155.5635
6.31 155.5635
6.32 155.5635
6.33 155.5635
6.34 155.5635
6.35 156.1261
6.36 157.2575
6.37 158.3970
6.38 159.5448
6.39 160.1219
6.40 161.8655
6.41 162.4509
6.42 162.4509
6.43 162.4509
6.44 0.0000
6.45 0.0000
6.46 0.0000
6.47 0.0000
6.48 0.0000
6.49 0.0000
6.50 0.0000
6.51 0.0000
6.52 0.0000
6.53 0.0000
6.54 0.0000
6.55 0.0000
6.56 0.0000
6.57 0.0000
6.58 0.0000
6.59 0.0000
6.60 0.0000
6.61 0.0000
6.62 0.0000
6.63 0.0000
6.64 0.0000
6.65 0.0000
6.66 0.0000
6.67 0.0000
6.68 0.0000
6.69 0.0000
6.70 0.0000
6.71 0.0000
6.72 0.0000
6.73 0.0000
6.74 0.0000
6.75 0.0000
6.76 0.0000
6.77 0.0000
6.78 0.0000
6.79 0.0000
6.80 0.0000
6.81 0.0000
6.82 0.0000
6.83 0.0000
6.84 0.0000
6.85 0.0000
6.86 0.0000
6.87 0.0000
6.88 0.0000
6.89 0.0000
6.90 0.0000
6.91 0.0000
6.92 0.0000
6.93 0.0000
6.94 0.0000
6.95 0.0000
6.96 0.0000
6.97 0.0000
6.98 0.0000
6.99 0.0000
7.00 0.0000
7.01 0.0000
7.02 0.0000
7.03 0.0000
7.04 0.0000
7.05 0.0000
7.06 0.0000
7.07 0.0000
7.08 0.0000
7.09 0.0000
7.10 0.0000
7.11 0.0000
7.12 0.0000
7.13 0.0000
7.14 0.0000
7.15 0.0000
7.16 0.0000
7.17 0.0000
7.18 0.0000
7.19 0.0000
7.20 0.0000
7.21 0.0000
7.22 0.0000
7.23 0.0000
7.24 0.0000
7.25 0.0000
7.26 0.0000
7.27 0.0000
7.28 0.0000
7.29 0.0000
7.30 0.0000
7.31 0.0000
7.32 0.0000
7.33 0.0000
7.34 0.0000
7.35 0.0000
7.36 0.0000
7.37 0.0000
7.38 0.0000
7.39 0.0000
7.40 0.0000
7.41 0.0000
7.42 0.0000
7.43 0.0000
7.44 0.0000
7.45 0.0000
7.46 0.0000
7.47 0.0000
7.48 0.0000
7.49 0.0000
7.50 0.0000
7.51 0.0000
7.52 0.0000
7.53 0.0000
7.54 0.0000
7.55 0.0000
7.56 0.0000
7.57 0.0000
7.58 0.0000
7.59 0.0000
7.60 0.0000
7.61 0.0000
7.62 0.0000
7.63 0.0000
7.64 0.0000
7.65 0.0000
7.66 0.0000
7.67 0.0000
7.68 0.0000
7.69 0.0000
7.70 0.0000
7.71 0.0000
7.72 0.0000
7.73 0.0000
7.74 0.0000
7.75 0.0000
7.76 0.0000
7.77 0.0000
7.78 0.0000
7.79 0.0000
7.80 0.0000
7.81 0.0000
7.82 0.0000
7.83 0.0000
7.84 0.0000
7.85 0.0000
7.86 0.0000
7.87 0.0000
7.88 0.0000
7.89 0.0000
7.90 0.0000
7.91 0.0000
7.92 0.0000
7.93 0.0000
7.94 0.0000
7.95 0.0000
7.96 0.0000
7.97 0.0000
7.98 0.0000
7.99 0.0000
8.00 0.0000
8.01 0.0000
8.02 0.0000
8.03 0.0000
8.04 0.0000
8.05 0.0000
