0.00 0.0000
0.01 0.0000
0.02 0.0000
0.03 0.0000
0.04 0.0000
0.05 0.0000
0.06 0.0000
0.07 0.0000
0.08 0.0000
0.09 0.0000
0.10 0.0000
0.11 0.0000
0.12 0.0000
0.13 0.0000
0.14 0.0000
0.15 0.0000
0.16 0.0000
0.17 0.0000
0.18 0.0000
0.19 0.0000
0.20 0.0000
0.21 0.0000
0.22 0.0000
0.23 0.0000
0.24 0.0000
0.25 0.0000
0.26 0.0000
0.27 0.0000
0.28 0.0000
0.29 0.0000
0.30 0.0000
0.31 0.0000
0.32 0.0000
0.33 0.0000
0.34 0.0000
0.35 0.0000
0.36 0.0000
0.37 0.0000
0.38 0.0000
0.39 0.0000
0.40 0.0000
0.41 0.0000
0.42 0.0000
0.43 0.0000
0.44 0.0000
0.45 0.0000
0.46 0.0000
0.47 0.0000
0.48 0.0000
0.49 0.0000
0.50 0.0000
0.51 157.8262
0.52 158.3970
0.53 158.3970
0.54 158.3970
0.55 0.0000
0.56 0.0000
0.57 0.0000
0.58 0.0000
0.59 0.0000
0.60 158.3970
0.61 158.3970
0.62 158.3970
0.63 158.3970
0.64 158.3970
0.65 158.3970
0.66 158.3970
0.67 158.3970
0.68 158.9699
0.69 159.5448
0.70 160.1219
0.71 160.7010
0.72 161.8655
0.73 162.4509
0.74 162.4509
0.75 163.0384
0.76 163.0384
0.77 163.0384
0.78 163.0384
0.79 163.0384
0.80 163.0384
0.81 163.0384
0.82 163.0384
0.83 163.0384
0.84 163.0384
0.85 163.6281
0.86 163.6281
0.87 164.2199
0.88 164.8138
0.89 164.8138
0.90 165.4099
0.91 166.0081
0.92 166.6085
0.93 168.4227
0.94 169.0319
0.95 169.6432
0.96 169.6432
0.97 169.6432
0.98 171.4905
0.99 172.1107
1.00 184.9972
1.01 187.0117
1.02 193.8864
1.03 196.7066
1.04 200.2895
1.05 201.0139
1.06 203.9377
1.07 206.1584
1.08 207.6523
1.09 208.4034
1.10 209.1571
1.11 209.1571
1.12 209.9135
1.13 209.9135
1.14 209.9135
1.15 209.1571
1.16 208.4034
1.17 207.6523
1.18 206.1584
1.19 206.1584
1.20 205.4155
1.21 205.4155
1.22 205.4155
1.23 205.4155
1.24 206.1584
1.25 206.1584
1.26 206.9040
1.27 206.9040
1.28 207.6523
1.29 208.4034
1.30 208.4034
1.31 208.4034
1.32 209.1571
1.33 209.1571
1.34 209.1571
1.35 209.1571
1.36 209.1571
1.37 208.4034
1.38 208.4034
1.39 208.4034
1.40 206.9040
1.41 206.9040
1.42 206.1584
1.43 206.1584
1.44 205.4155
1.45 204.6753
1.46 204.6753
1.47 204.6753
1.48 204.6753
1.49 205.4155
1.50 205.4155
1.51 206.1584
1.52 206.1584
1.53 206.9040
1.54 206.9040
1.55 208.4034
1.56 209.1571
1.57 209.1571
1.58 209.1571
1.59 0.0000
1.60 0.0000
1.61 0.0000
1.62 0.0000
1.63 0.0000
1.64 0.0000
1.65 0.0000
1.66 0.0000
1.67 0.0000
1.68 0.0000
1.69 0.0000
1.70 0.0000
1.71 0.0000
1.72 0.0000
1.73 0.0000
1.74 0.0000
1.75 0.0000
1.76 0.0000
1.77 0.0000
1.78 0.0000
1.79 0.0000
1.80 0.0000
1.81 0.0000
1.82 0.0000
1.83 0.0000
1.84 0.0000
1.85 0.0000
1.86 0.0000
1.87 0.0000
1.88 0.0000
1.89 0.0000
1.90 0.0000
1.91 0.0000
1.92 0.0000
1.93 0.0000
1.94 0.0000
1.95 0.0000
1.96 0.0000
1.97 0.0000
1.98 0.0000
1.99 0.0000
2.00 0.0000
2.01 0.0000
2.02 0.0000
2.03 0.0000
2.04 0.0000
2.05 0.0000
2.06 0.0000
2.07 0.0000
2.08 0.0000
2.09 0.0000
2.10 157.8262
2.11 158.3970
2.12 159.5448
2.13 159.5448
2.14 159.5448
2.15 160.1219
2.16 160.1219
2.17 161.8655
2.18 162.4509
2.19 162.4509
2.20 163.0384
2.21 163.6281
2.22 164.2199
2.23 166.0081
2.24 166.6085
2.25 167.2111
2.26 169.0319
2.27 169.6432
2.28 170.8725
2.29 171.4905
2.30 174.6141
2.31 177.7946
2.32 181.6878
2.33 184.9972
2.34 186.3378
2.35 195.9977
2.36 198.8486
2.37 201.0139
2.38 206.1584
2.39 206.9040
2.40 208.4034
2.41 209.1571
2.42 209.1571
2.43 209.1571
2.44 209.1571
2.45 209.1571
2.46 208.4034
2.47 207.6523
2.48 207.6523
2.49 207.6523
2.50 207.6523
2.51 208.4034
2.52 209.1571
2.53 210.6727
2.54 212.1993
2.55 215.2859
2.56 217.6302
2.57 220.0000
2.58 222.3956
2.59 225.6305
2.60 228.9123
2.61 232.2419
2.62 233.9249
2.63 238.1857
2.64 240.7794
2.65 242.5242
2.66 245.1651
2.67 248.7311
2.68 249.6307
2.69 250.5335
2.70 253.2616
2.71 253.2616
2.72 253.2616
2.73 252.3490
2.74 252.3490
2.75 251.4396
2.76 251.4396
2.77 250.5335
2.78 250.5335
2.79 247.8348
2.80 247.8348
2.81 246.9417
2.82 246.9417
2.83 246.0518
2.84 246.0518
2.85 246.0518
2.86 246.0518
2.87 246.0518
2.88 245.1651
2.89 245.1651
2.90 244.2816
2.91 244.2816
2.92 243.4013
2.93 243.4013
2.94 242.5242
2.95 242.5242
2.96 242.5242
2.97 242.5242
2.98 242.5242
2.99 241.6502
3.00 241.6502
3.01 241.6502
3.02 241.6502
3.03 242.5242
3.04 242.5242
3.05 243.4013
3.06 245.1651
3.07 247.8348
3.08 247.8348
3.09 247.8348
3.10 0.0000
3.11 0.0000
3.12 0.0000
3.13 0.0000
3.14 0.0000
3.15 0.0000
3.16 0.0000
3.17 0.0000
3.18 0.0000
3.19 0.0000
3.20 0.0000
3.21 0.0000
3.22 0.0000
3.23 0.0000
3.24 0.0000
3.25 0.0000
3.26 0.0000
3.27 0.0000
3.28 0.0000
3.29 0.0000
3.30 0.0000
3.31 0.0000
3.32 0.0000
3.33 0.0000
3.34 0.0000
3.35 0.0000
3.36 0.0000
3.37 0.0000
3.38 0.0000
3.39 0.0000
3.40 0.0000
3.41 0.0000
3.42 0.0000
3.43 0.0000
3.44 0.0000
3.45 0.0000
3.46 0.0000
3.47 0.0000
3.48 0.0000
3.49 0.0000
3.50 0.0000
3.51 0.0000
3.52 0.0000
3.53 0.0000
3.54 0.0000
3.55 0.0000
3.56 0.0000
3.57 0.0000
3.58 0.0000
3.59 0.0000
3.60 0.0000
3.61 0.0000
3.62 0.0000
3.63 0.0000
3.64 0.0000
3.65 0.0000
3.66 0.0000
3.67 0.0000
3.68 0.0000
3.69 0.0000
3.70 0.0000
3.71 0.0000
