0.00 0.0000
0.01 0.0000
0.02 0.0000
0.03 0.0000
0.04 0.0000
0.05 0.0000
0.06 0.0000
0.07 0.0000
0.08 0.0000
0.09 0.0000
0.10 0.0000
0.11 0.0000
0.12 0.0000
0.13 0.0000
0.14 0.0000
0.15 0.0000
0.16 0.0000
0.17 0.0000
0.18 0.0000
0.19 0.0000
0.20 0.0000
0.21 0.0000
0.22 0.0000
0.23 0.0000
0.24 0.0000
0.25 0.0000
0.26 0.0000
0.27 0.0000
0.28 0.0000
0.29 0.0000
0.30 0.0000
0.31 0.0000
0.32 0.0000
0.33 0.0000
0.34 0.0000
0.35 0.0000
0.36 0.0000
0.37 0.0000
0.38 0.0000
0.39 0.0000
0.40 0.0000
0.41 0.0000
0.42 0.0000
0.43 0.0000
0.44 0.0000
0.45 0.0000
0.46 0.0000
0.47 0.0000
0.48 0.0000
0.49 0.0000
0.50 0.0000
0.51 0.0000
0.52 192.4916
0.53 192.4916
0.54 192.4916
0.55 191.1067
0.56 190.4180
0.57 189.7318
0.58 188.3669
0.59 187.6881
0.60 187.0117
0.61 186.3378
0.62 185.6663
0.63 185.6663
0.64 185.6663
0.65 185.6663
0.66 185.6663
0.67 187.0117
0.68 188.3669
0.69 189.7318
0.70 191.1067
0.71 192.4916
0.72 193.1877
0.73 193.8864
0.74 193.8864
0.75 193.8864
0.76 193.8864
0.77 193.8864
0.78 193.8864
0.79 193.8864
0.80 193.8864
0.81 193.8864
0.82 193.8864
0.83 193.8864
0.84 194.5877
0.85 194.5877
0.86 194.5877
0.87 195.2914
0.88 195.2914
0.89 195.9977
0.90 195.9977
0.91 195.9977
0.92 195.9977
0.93 194.5877
0.94 194.5877
0.95 194.5877
0.96 194.5877
0.97 194.5877
0.98 194.5877
0.99 194.5877
1.00 194.5877
1.01 194.5877
1.02 194.5877
1.03 193.8864
1.04 193.8864
1.05 193.8864
1.06 193.8864
1.07 193.8864
1.08 193.1877
1.09 193.1877
1.10 193.1877
1.11 193.1877
1.12 193.1877
1.13 192.4916
1.14 192.4916
1.15 192.4916
1.16 192.4916
1.17 192.4916
1.18 192.4916
1.19 193.1877
1.20 193.8864
1.21 193.8864
1.22 193.8864
1.23 193.8864
1.24 193.8864
1.25 193.8864
1.26 193.8864
1.27 193.8864
1.28 194.5877
1.29 195.2914
1.30 195.2914
1.31 195.2914
1.32 195.2914
1.33 195.9977
1.34 195.9977
1.35 195.9977
1.36 195.9977
1.37 195.2914
1.38 195.2914
1.39 195.2914
1.40 194.5877
1.41 194.5877
1.42 194.5877
1.43 194.5877
1.44 195.2914
1.45 195.9977
1.46 195.9977
1.47 195.9977
1.48 195.9977
1.49 195.2914
1.50 194.5877
1.51 194.5877
1.52 194.5877
1.53 194.5877
1.54 194.5877
1.55 194.5877
1.56 194.5877
1.57 194.5877
1.58 194.5877
1.59 194.5877
1.60 194.5877
1.61 194.5877
1.62 194.5877
1.63 194.5877
1.64 194.5877
1.65 194.5877
1.66 194.5877
1.67 194.5877
1.68 194.5877
1.69 194.5877
1.70 195.2914
1.71 195.9977
1.72 195.9977
1.73 195.9977
1.74 195.9977
1.75 195.9977
1.76 195.9977
1.77 195.9977
1.78 195.9977
1.79 195.9977
1.80 195.9977
1.81 195.2914
1.82 195.2914
1.83 195.2914
1.84 195.2914
1.85 195.2914
1.86 195.9977
1.87 197.4180
1.88 198.1320
1.89 198.1320
1.90 198.8486
1.91 198.8486
1.92 198.8486
1.93 198.1320
1.94 198.1320
1.95 0.0000
1.96 0.0000
1.97 0.0000
1.98 0.0000
1.99 0.0000
2.00 0.0000
2.01 0.0000
2.02 0.0000
2.03 0.0000
2.04 0.0000
2.05 0.0000
2.06 0.0000
2.07 0.0000
2.08 0.0000
2.09 0.0000
2.10 0.0000
2.11 0.0000
2.12 0.0000
2.13 0.0000
2.14 203.2028
2.15 203.2028
2.16 203.2028
2.17 203.2028
2.18 203.2028
2.19 203.9377
2.20 203.9377
2.21 203.9377
2.22 203.9377
2.23 203.2028
2.24 202.4705
2.25 201.7409
2.26 201.0139
2.27 201.0139
2.28 201.0139
2.29 201.0139
2.30 201.7409
2.31 201.7409
2.32 201.7409
2.33 202.4705
2.34 202.4705
2.35 202.4705
2.36 203.2028
2.37 203.2028
2.38 203.2028
2.39 203.2028
2.40 203.2028
2.41 203.2028
2.42 202.4705
2.43 202.4705
2.44 202.4705
2.45 202.4705
2.46 202.4705
2.47 202.4705
2.48 203.2028
2.49 204.6753
2.50 205.4155
2.51 205.4155
2.52 205.4155
2.53 205.4155
2.54 205.4155
2.55 203.9377
2.56 202.4705
2.57 198.1320
2.58 197.4180
2.59 0.0000
2.60 0.0000
2.61 0.0000
2.62 0.0000
2.63 0.0000
2.64 0.0000
2.65 0.0000
2.66 0.0000
2.67 0.0000
2.68 0.0000
2.69 0.0000
2.70 0.0000
2.71 0.0000
2.72 0.0000
2.73 0.0000
2.74 0.0000
2.75 141.1157
2.76 141.1157
2.77 141.1157
2.78 141.1157
2.79 142.1383
2.80 143.1683
2.81 143.1683
2.82 143.6861
2.83 144.2057
2.84 144.7273
2.85 145.2507
2.86 145.7760
2.87 146.3033
2.88 146.8324
2.89 147.3634
2.90 147.8964
2.91 147.8964
2.92 147.8964
2.93 147.8964
2.94 147.8964
2.95 147.8964
2.96 147.3634
2.97 146.8324
2.98 146.3033
2.99 145.7760
3.00 145.7760
3.01 145.2507
3.02 144.7273
3.03 144.2057
3.04 143.6861
3.05 143.6861
3.06 143.1683
3.07 143.1683
3.08 143.1683
3.09 143.1683
3.10 143.1683
3.11 143.1683
3.12 143.6861
3.13 143.6861
3.14 144.2057
3.15 144.7273
3.16 145.2507
3.17 145.7760
3.18 145.7760
3.19 145.7760
3.20 145.2507
3.21 145.2507
3.22 145.2507
3.23 145.2507
3.24 145.2507
3.25 145.2507
3.26 145.7760
3.27 145.7760
3.28 146.3033
3.29 146.8324
3.30 146.8324
3.31 146.8324
3.32 145.7760
3.33 145.7760
3.34 145.7760
3.35 145.7760
3.36 146.3033
3.37 146.3033
3.38 146.3033
3.39 146.3033
3.40 146.3033
3.41 146.3033
3.42 146.3033
3.43 146.3033
3.44 145.7760
3.45 145.7760
3.46 145.2507
3.47 144.7273
3.48 144.7273
3.49 144.7273
3.50 144.7273
3.51 144.7273
3.52 144.7273
3.53 145.2507
3.54 145.2507
3.55 145.7760
3.56 145.7760
3.57 145.7760
3.58 145.2507
3.59 145.2507
3.60 143.1683
3.61 142.6524
3.62 139.5956
3.63 139.5956
3.64 132.2372
3.65 129.8717
3.66 124.3655
3.67 124.3655
3.68 121.2621
3.69 120.8251
3.70 120.8251
3.71 120.8251
3.72 122.5825
3.73 122.5825
3.74 123.0259
3.75 123.0259
3.76 123.4708
3.77 123.4708
3.78 123.4708
3.79 123.4708
3.80 123.4708
3.81 123.4708
3.82 123.4708
3.83 123.9174
3.84 123.9174
3.85 123.9174
3.86 124.3655
3.87 125.2667
3.88 126.6308
3.89 127.0888
3.90 127.0888
3.91 127.0888
3.92 127.0888
3.93 127.0888
3.94 126.6308
3.95 126.6308
3.96 126.6308
3.97 126.6308
3.98 126.1745
3.99 126.1745
4.00 126.1745
4.01 126.1745
4.02 126.1745
4.03 126.6308
4.04 127.0888
4.05 127.0888
4.06 127.5484
4.07 127.5484
4.08 127.5484
4.09 127.5484
4.10 127.5484
4.11 127.5484
4.12 127.5484
4.13 127.5484
4.14 127.5484
4.15 127.5484
4.16 127.5484
4.17 127.0888
4.18 127.0888
4.19 0.0000
4.20 0.0000
4.21 0.0000
4.22 0.0000
4.23 0.0000
4.24 0.0000
4.25 0.0000
4.26 0.0000
4.27 0.0000
4.28 0.0000
4.29 0.0000
4.30 0.0000
4.31 0.0000
4.32 0.0000
4.33 0.0000
4.34 143.1683
4.35 143.1683
4.36 143.1683
4.37 142.1383
4.38 142.1383
4.39 142.1383
4.40 142.1383
4.41 142.6524
4.42 142.6524
4.43 143.1683
4.44 143.1683
4.45 144.2057
4.46 144.7273
4.47 145.2507
4.48 145.7760
4.49 146.3033
4.50 146.8324
4.51 146.8324
4.52 147.3634
4.53 147.8964
4.54 147.8964
4.55 148.4313
4.56 148.4313
4.57 148.4313
4.58 148.4313
4.59 148.4313
4.60 148.4313
4.61 148.4313
4.62 148.4313
4.63 148.4313
4.64 148.4313
4.65 147.8964
4.66 147.8964
4.67 147.8964
4.68 147.3634
4.69 147.3634
4.70 147.3634
4.71 147.3634
4.72 147.3634
4.73 147.3634
4.74 147.3634
4.75 147.3634
4.76 147.3634
4.77 146.8324
4.78 146.3033
4.79 146.3033
4.80 146.3033
4.81 146.3033
4.82 146.3033
4.83 146.3033
4.84 146.8324
4.85 147.3634
4.86 147.8964
4.87 147.8964
4.88 147.8964
4.89 147.8964
4.90 148.4313
4.91 148.4313
4.92 148.4313
4.93 148.4313
4.94 148.4313
4.95 148.4313
4.96 148.4313
4.97 148.4313
4.98 147.8964
4.99 147.8964
5.00 147.8964
5.01 147.8964
5.02 147.8964
5.03 147.3634
5.04 0.0000
5.05 0.0000
5.06 0.0000
5.07 0.0000
5.08 0.0000
5.09 0.0000
5.10 0.0000
5.11 0.0000
5.12 0.0000
5.13 0.0000
5.14 0.0000
5.15 0.0000
5.16 0.0000
5.17 0.0000
5.18 0.0000
5.19 0.0000
5.20 0.0000
5.21 0.0000
5.22 0.0000
5.23 0.0000
5.24 0.0000
5.25 0.0000
5.26 0.0000
5.27 0.0000
5.28 0.0000
5.29 0.0000
5.30 0.0000
5.31 0.0000
5.32 0.0000
5.33 0.0000
5.34 0.0000
5.35 0.0000
5.36 0.0000
5.37 0.0000
5.38 0.0000
5.39 0.0000
5.40 0.0000
5.41 0.0000
5.42 0.0000
5.43 0.0000
5.44 0.0000
5.45 0.0000
5.46 0.0000
5.47 0.0000
5.48 0.0000
5.49 0.0000
5.50 0.0000
5.51 232.2419
5.52 232.2419
5.53 232.2419
5.54 232.2419
5.55 231.4050
5.56 230.5711
5.57 230.5711
5.58 228.0874
5.59 228.0874
5.60 228.0874
5.61 227.2655
5.62 226.4465
5.63 226.4465
5.64 225.6305
5.65 225.6305
5.66 225.6305
5.67 225.6305
5.68 225.6305
5.69 224.8174
5.70 224.8174
5.71 224.8174
5.72 224.0072
5.73 224.0072
5.74 223.2000
5.75 223.2000
5.76 222.3956
5.77 222.3956
5.78 222.3956
5.79 222.3956
5.80 222.3956
5.81 222.3956
5.82 222.3956
5.83 223.2000
5.84 224.0072
5.85 224.0072
5.86 224.8174
5.87 224.8174
5.88 224.8174
5.89 225.6305
5.90 225.6305
5.91 225.6305
5.92 224.8174
5.93 224.8174
5.94 224.8174
5.95 224.8174
5.96 224.0072
5.97 224.0072
5.98 223.2000
5.99 223.2000
6.00 223.2000
6.01 223.2000
6.02 223.2000
6.03 223.2000
6.04 223.2000
6.05 223.2000
6.06 223.2000
6.07 223.2000
6.08 223.2000
6.09 223.2000
6.10 223.2000
6.11 223.2000
6.12 223.2000
6.13 223.2000
6.14 224.0072
6.15 224.8174
6.16 225.6305
6.17 227.2655
6.18 228.0874
6.19 230.5711
6.20 231.4050
6.21 232.2419
6.22 233.0819
6.23 236.4721
6.24 239.9117
6.25 242.5242
6.26 248.7311
6.27 249.6307
6.28 256.0195
6.29 257.8747
6.30 259.7434
6.31 260.6828
6.32 260.6828
6.33 260.6828
6.34 259.7434
6.35 259.7434
6.36 259.7434
6.37 258.8073
6.38 256.9454
6.39 256.0195
6.40 254.1776
6.41 254.1776
6.42 254.1776
6.43 254.1776
6.44 255.0969
6.45 256.0195
6.46 256.0195
6.47 256.0195
6.48 255.0969
6.49 254.1776
6.50 0.0000
6.51 0.0000
6.52 0.0000
6.53 0.0000
6.54 0.0000
6.55 0.0000
6.56 0.0000
6.57 0.0000
6.58 0.0000
6.59 0.0000
6.60 0.0000
6.61 0.0000
6.62 289.4546
6.63 289.4546
6.64 289.4546
6.65 289.4546
6.66 288.4115
6.67 288.4115
6.68 288.4115
6.69 288.4115
6.70 287.3721
6.71 287.3721
6.72 287.3721
6.73 286.3366
6.74 285.3047
6.75 284.2766
6.76 284.2766
6.77 284.2766
6.78 285.3047
6.79 285.3047
6.80 286.3366
6.81 286.3366
6.82 287.3721
6.83 288.4115
6.84 288.4115
6.85 288.4115
6.86 288.4115
6.87 288.4115
6.88 288.4115
6.89 288.4115
6.90 287.3721
6.91 285.3047
6.92 284.2766
6.93 284.2766
6.94 284.2766
6.95 285.3047
6.96 285.3047
6.97 285.3047
6.98 285.3047
6.99 286.3366
7.00 286.3366
7.01 287.3721
7.02 287.3721
7.03 287.3721
7.04 286.3366
7.05 284.2766
7.06 283.2521
7.07 282.2314
7.08 281.2143
7.09 280.2010
7.10 280.2010
7.11 279.1912
7.12 277.1826
7.13 0.0000
7.14 0.0000
7.15 0.0000
7.16 0.0000
7.17 0.0000
7.18 0.0000
7.19 0.0000
7.20 0.0000
7.21 0.0000
7.22 0.0000
7.23 0.0000
7.24 0.0000
7.25 0.0000
7.26 0.0000
7.27 0.0000
7.28 0.0000
7.29 0.0000
7.30 0.0000
7.31 0.0000
7.32 0.0000
7.33 220.0000
7.34 220.0000
7.35 220.7957
7.36 221.5942
7.37 221.5942
7.38 222.3956
7.39 222.3956
7.40 222.3956
7.41 222.3956
7.42 222.3956
7.43 222.3956
7.44 222.3956
7.45 222.3956
7.46 223.2000
7.47 224.0072
7.48 224.0072
7.49 224.8174
7.50 225.6305
7.51 225.6305
7.52 225.6305
7.53 227.2655
7.54 227.2655
7.55 228.0874
7.56 228.0874
7.57 228.0874
7.58 228.0874
7.59 228.0874
7.60 228.0874
7.61 228.0874
7.62 227.2655
7.63 225.6305
7.64 224.8174
7.65 224.8174
7.66 224.8174
7.67 224.8174
7.68 224.8174
7.69 224.8174
7.70 225.6305
7.71 225.6305
7.72 225.6305
7.73 225.6305
7.74 226.4465
7.75 226.4465
7.76 226.4465
7.77 226.4465
7.78 226.4465
7.79 225.6305
7.80 224.8174
7.81 224.8174
7.82 224.0072
7.83 224.0072
7.84 224.0072
7.85 224.8174
7.86 224.8174
7.87 225.6305
7.88 225.6305
7.89 225.6305
7.90 225.6305
7.91 226.4465
7.92 226.4465
7.93 226.4465
7.94 225.6305
7.95 224.8174
7.96 224.8174
7.97 224.8174
7.98 224.0072
7.99 224.0072
8.00 224.0072
8.01 224.0072
8.02 224.0072
8.03 224.0072
8.04 224.0072
8.05 224.0072
8.06 224.0072
8.07 224.0072
8.08 224.0072
8.09 224.0072
8.10 224.0072
8.11 224.0072
8.12 224.8174
8.13 225.6305
8.14 226.4465
8.15 227.2655
8.16 228.0874
8.17 228.9123
8.18 230.5711
8.19 232.2419
8.20 233.9249
8.21 234.7709
8.22 237.3274
8.23 239.0471
8.24 240.7794
8.25 244.2816
8.26 247.8348
8.27 249.6307
8.28 253.2616
8.29 253.2616
8.30 253.2616
8.31 252.3490
8.32 251.4396
8.33 251.4396
8.34 251.4396
8.35 251.4396
8.36 251.4396
8.37 249.6307
8.38 248.7311
8.39 0.0000
8.40 0.0000
8.41 0.0000
8.42 0.0000
8.43 0.0000
8.44 0.0000
8.45 0.0000
8.46 0.0000
8.47 0.0000
8.48 0.0000
8.49 0.0000
8.50 0.0000
8.51 0.0000
8.52 0.0000
8.53 0.0000
8.54 0.0000
8.55 0.0000
8.56 0.0000
8.57 0.0000
8.58 220.0000
8.59 220.7957
8.60 220.7957
8.61 220.7957
8.62 221.5942
8.63 221.5942
8.64 222.3956
8.65 222.3956
8.66 223.2000
8.67 223.2000
8.68 223.2000
8.69 223.2000
8.70 223.2000
8.71 223.2000
8.72 223.2000
8.73 222.3956
8.74 222.3956
8.75 222.3956
8.76 222.3956
8.77 222.3956
8.78 222.3956
8.79 222.3956
8.80 222.3956
8.81 223.2000
8.82 224.0072
8.83 224.0072
8.84 224.8174
8.85 224.8174
8.86 225.6305
8.87 225.6305
8.88 225.6305
8.89 225.6305
8.90 226.4465
8.91 226.4465
8.92 226.4465
8.93 225.6305
8.94 225.6305
8.95 225.6305
8.96 224.8174
8.97 0.0000
8.98 0.0000
8.99 0.0000
9.00 0.0000
9.01 0.0000
9.02 0.0000
9.03 0.0000
9.04 0.0000
9.05 0.0000
9.06 0.0000
9.07 0.0000
9.08 0.0000
9.09 0.0000
9.10 0.0000
9.11 0.0000
9.12 0.0000
9.13 0.0000
9.14 0.0000
9.15 0.0000
9.16 0.0000
9.17 0.0000
9.18 0.0000
9.19 0.0000
9.20 0.0000
9.21 0.0000
9.22 0.0000
9.23 0.0000
9.24 0.0000
9.25 0.0000
9.26 0.0000
9.27 0.0000
9.28 0.0000
9.29 0.0000
9.30 0.0000
9.31 0.0000
9.32 0.0000
9.33 0.0000
9.34 0.0000
9.35 171.4905
9.36 172.1107
9.37 174.6141
9.38 175.8794
9.39 177.7946
9.40 179.0830
9.41 181.0331
9.42 182.3449
9.43 183.0044
9.44 183.6663
9.45 184.3305
9.46 184.3305
9.47 184.9972
9.48 184.9972
9.49 184.9972
9.50 184.9972
9.51 184.3305
9.52 183.6663
9.53 183.6663
9.54 183.6663
9.55 183.6663
9.56 184.3305
9.57 184.9972
9.58 186.3378
9.59 187.0117
9.60 187.0117
9.61 187.0117
9.62 187.0117
9.63 187.0117
9.64 187.0117
9.65 187.0117
9.66 187.6881
9.67 189.0481
9.68 189.7318
9.69 189.7318
9.70 190.4180
9.71 190.4180
9.72 190.4180
9.73 190.4180
9.74 189.7318
9.75 189.7318
9.76 189.0481
9.77 188.3669
9.78 187.6881
9.79 187.6881
9.80 187.6881
9.81 187.6881
9.82 187.6881
9.83 188.3669
9.84 188.3669
9.85 188.3669
9.86 188.3669
9.87 187.6881
9.88 187.6881
9.89 187.6881
9.90 187.6881
9.91 187.6881
9.92 188.3669
9.93 189.0481
9.94 189.0481
9.95 189.7318
9.96 190.4180
9.97 191.1067
9.98 191.1067
9.99 191.7979
10.00 191.7979
10.01 192.4916
10.02 192.4916
10.03 192.4916
10.04 192.4916
10.05 192.4916
10.06 192.4916
10.07 192.4916
10.08 192.4916
10.09 192.4916
10.10 192.4916
10.11 192.4916
10.12 192.4916
10.13 192.4916
10.14 192.4916
10.15 193.1877
10.16 193.1877
10.17 193.1877
10.18 178.4377
10.19 178.4377
10.20 178.4377
10.21 177.7946
10.22 176.5155
10.23 175.2456
10.24 175.2456
10.25 174.6141
10.26 174.6141
10.27 174.6141
10.28 174.6141
10.29 173.9849
10.30 173.3579
10.31 172.7332
10.32 172.1107
10.33 172.1107
10.34 171.4905
10.35 171.4905
10.36 171.4905
10.37 171.4905
10.38 172.1107
10.39 172.1107
10.40 172.1107
10.41 172.1107
10.42 172.1107
10.43 172.1107
10.44 172.7332
10.45 173.3579
10.46 174.6141
10.47 174.6141
10.48 177.7946
10.49 179.0830
10.50 181.6878
10.51 183.6663
10.52 186.3378
10.53 188.3669
10.54 191.7979
10.55 192.4916
10.56 193.1877
10.57 193.1877
10.58 193.1877
10.59 193.1877
10.60 192.4916
10.61 192.4916
10.62 192.4916
10.63 192.4916
10.64 192.4916
10.65 192.4916
10.66 193.1877
10.67 193.1877
10.68 193.1877
10.69 193.1877
10.70 193.8864
10.71 193.8864
10.72 194.5877
10.73 194.5877
10.74 194.5877
10.75 0.0000
10.76 0.0000
10.77 0.0000
10.78 0.0000
10.79 0.0000
10.80 0.0000
10.81 0.0000
10.82 0.0000
10.83 0.0000
10.84 0.0000
10.85 0.0000
10.86 0.0000
10.87 0.0000
10.88 0.0000
10.89 0.0000
10.90 0.0000
10.91 0.0000
10.92 0.0000
10.93 0.0000
10.94 0.0000
10.95 0.0000
10.96 0.0000
10.97 0.0000
10.98 0.0000
10.99 0.0000
11.00 139.5956
11.01 139.5956
11.02 139.5956
11.03 0.0000
11.04 0.0000
11.05 0.0000
11.06 0.0000
11.07 0.0000
11.08 0.0000
11.09 0.0000
11.10 0.0000
11.11 0.0000
11.12 0.0000
11.13 0.0000
11.14 0.0000
11.15 0.0000
11.16 0.0000
11.17 0.0000
11.18 0.0000
11.19 0.0000
11.20 0.0000
11.21 0.0000
11.22 0.0000
11.23 0.0000
11.24 0.0000
11.25 0.0000
11.26 0.0000
11.27 0.0000
11.28 0.0000
11.29 0.0000
11.30 0.0000
11.31 0.0000
11.32 0.0000
11.33 0.0000
11.34 0.0000
11.35 0.0000
11.36 0.0000
11.37 0.0000
11.38 0.0000
11.39 0.0000
11.40 0.0000
11.41 0.0000
11.42 0.0000
11.43 0.0000
11.44 0.0000
11.45 0.0000
11.46 0.0000
11.47 0.0000
11.48 0.0000
11.49 0.0000
11.50 0.0000
11.51 0.0000
11.52 0.0000
11.53 0.0000
11.54 0.0000
11.55 0.0000
11.56 0.0000
11.57 0.0000
11.58 0.0000
11.59 0.0000
11.60 0.0000
11.61 0.0000
11.62 0.0000
11.63 0.0000
11.64 0.0000
11.65 0.0000
11.66 0.0000
11.67 0.0000
11.68 0.0000
11.69 0.0000
11.70 0.0000
11.71 0.0000
11.72 0.0000
11.73 0.0000
11.74 0.0000
11.75 0.0000
11.76 0.0000
11.77 0.0000
