0.00 0.0000
0.01 0.0000
0.02 0.0000
0.03 0.0000
0.04 0.0000
0.05 0.0000
0.06 0.0000
0.07 0.0000
0.08 0.0000
0.09 0.0000
0.10 0.0000
0.11 0.0000
0.12 0.0000
0.13 0.0000
0.14 0.0000
0.15 0.0000
0.16 0.0000
0.17 0.0000
0.18 0.0000
0.19 0.0000
0.20 0.0000
0.21 0.0000
0.22 0.0000
0.23 0.0000
0.24 0.0000
0.25 0.0000
0.26 0.0000
0.27 0.0000
0.28 0.0000
0.29 0.0000
0.30 0.0000
0.31 0.0000
0.32 0.0000
0.33 0.0000
0.34 0.0000
0.35 0.0000
0.36 0.0000
0.37 0.0000
0.38 0.0000
0.39 0.0000
0.40 0.0000
0.41 0.0000
0.42 0.0000
0.43 0.0000
0.44 0.0000
0.45 0.0000
0.46 0.0000
0.47 0.0000
0.48 0.0000
0.49 0.0000
0.50 0.0000
0.51 0.0000
0.52 0.0000
0.53 0.0000
0.54 0.0000
0.55 0.0000
0.56 0.0000
0.57 0.0000
0.58 0.0000
0.59 0.0000
0.60 0.0000
0.61 0.0000
0.62 0.0000
0.63 0.0000
0.64 0.0000
0.65 0.0000
0.66 0.0000
0.67 0.0000
0.68 0.0000
0.69 0.0000
0.70 0.0000
0.71 0.0000
0.72 0.0000
0.73 0.0000
0.74 0.0000
0.75 0.0000
0.76 0.0000
0.77 0.0000
0.78 0.0000
0.79 0.0000
0.80 0.0000
0.81 0.0000
0.82 0.0000
0.83 0.0000
0.84 0.0000
0.85 0.0000
0.86 0.0000
0.87 0.0000
0.88 0.0000
0.89 0.0000
0.90 0.0000
0.91 0.0000
0.92 0.0000
0.93 191.1067
0.94 191.1067
0.95 190.4180
0.96 190.4180
0.97 190.4180
0.98 190.4180
0.99 189.7318
1.00 189.7318
1.01 189.7318
1.02 190.4180
1.03 190.4180
1.04 190.4180
1.05 190.4180
1.06 190.4180
1.07 190.4180
1.08 189.7318
1.09 189.7318
1.10 189.0481
1.11 189.0481
1.12 189.0481
1.13 188.3669
1.14 188.3669
1.15 188.3669
1.16 188.3669
1.17 188.3669
1.18 188.3669
1.19 187.6881
1.20 187.6881
1.21 187.6881
1.22 187.0117
1.23 187.0117
1.24 185.6663
1.25 185.6663
1.26 185.6663
1.27 184.9972
1.28 184.9972
1.29 184.9972
1.30 184.9972
1.31 184.9972
1.32 184.3305
1.33 183.6663
1.34 183.6663
1.35 183.6663
1.36 183.0044
1.37 183.0044
1.38 183.0044
1.39 0.0000
1.40 0.0000
1.41 0.0000
1.42 0.0000
1.43 0.0000
1.44 0.0000
1.45 0.0000
1.46 0.0000
1.47 0.0000
1.48 0.0000
1.49 0.0000
1.50 0.0000
1.51 0.0000
1.52 0.0000
1.53 0.0000
1.54 0.0000
1.55 230.5711
1.56 230.5711
1.57 230.5711
1.58 230.5711
1.59 230.5711
1.60 230.5711
1.61 230.5711
1.62 230.5711
1.63 230.5711
1.64 231.4050
1.65 231.4050
1.66 233.0819
1.67 233.9249
1.68 236.4721
1.69 239.0471
1.70 240.7794
1.71 243.4013
1.72 247.8348
1.73 248.7311
1.74 249.6307
1.75 250.5335
1.76 251.4396
1.77 251.4396
1.78 251.4396
1.79 251.4396
1.80 251.4396
1.81 251.4396
1.82 251.4396
1.83 251.4396
1.84 251.4396
1.85 251.4396
1.86 252.3490
1.87 252.3490
1.88 253.2616
1.89 253.2616
1.90 253.2616
1.91 253.2616
1.92 254.1776
1.93 254.1776
1.94 254.1776
1.95 254.1776
1.96 254.1776
1.97 254.1776
1.98 254.1776
1.99 254.1776
2.00 254.1776
2.01 254.1776
2.02 254.1776
2.03 254.1776
2.04 254.1776
2.05 254.1776
2.06 254.1776
2.07 254.1776
2.08 254.1776
2.09 254.1776
2.10 254.1776
2.11 254.1776
2.12 254.1776
2.13 254.1776
2.14 254.1776
2.15 254.1776
2.16 254.1776
2.17 253.2616
2.18 253.2616
2.19 253.2616
2.20 253.2616
2.21 253.2616
2.22 253.2616
2.23 253.2616
2.24 252.3490
2.25 252.3490
2.26 252.3490
2.27 252.3490
2.28 252.3490
2.29 252.3490
2.30 252.3490
2.31 252.3490
2.32 252.3490
2.33 252.3490
2.34 251.4396
2.35 251.4396
2.36 251.4396
2.37 251.4396
2.38 251.4396
2.39 251.4396
2.40 251.4396
2.41 251.4396
2.42 251.4396
2.43 252.3490
2.44 252.3490
2.45 253.2616
2.46 253.2616
2.47 254.1776
2.48 255.0969
2.49 255.0969
2.50 255.0969
2.51 255.0969
2.52 255.0969
2.53 255.0969
2.54 255.0969
2.55 255.0969
2.56 255.0969
2.57 255.0969
2.58 255.0969
2.59 255.0969
2.60 255.0969
2.61 255.0969
2.62 255.0969
2.63 255.0969
2.64 255.0969
2.65 255.0969
2.66 255.0969
2.67 256.0195
2.68 256.9454
2.69 257.8747
2.70 257.8747
2.71 257.8747
2.72 257.8747
2.73 257.8747
2.74 258.8073
2.75 258.8073
2.76 259.7434
2.77 260.6828
2.78 262.5718
2.79 267.3544
2.80 270.2657
2.81 271.2432
2.82 274.1968
2.83 278.1851
2.84 287.3721
2.85 290.5014
2.86 290.5014
2.87 290.5014
2.88 290.5014
2.89 289.4546
2.90 288.4115
2.91 286.3366
2.92 284.2766
2.93 282.2314
2.94 281.2143
2.95 280.2010
2.96 278.1851
2.97 273.2087
2.98 272.2242
2.99 270.2657
3.00 266.3910
3.01 265.4310
3.02 262.5718
3.03 262.5718
3.04 261.6256
3.05 260.6828
3.06 260.6828
3.07 259.7434
3.08 259.7434
3.09 258.8073
3.10 256.0195
3.11 256.0195
3.12 256.0195
3.13 256.0195
3.14 255.0969
3.15 254.1776
3.16 254.1776
3.17 253.2616
3.18 0.0000
3.19 0.0000
3.20 0.0000
3.21 0.0000
3.22 0.0000
3.23 0.0000
3.24 0.0000
3.25 0.0000
3.26 0.0000
3.27 0.0000
3.28 0.0000
3.29 0.0000
3.30 0.0000
3.31 0.0000
3.32 0.0000
3.33 0.0000
3.34 0.0000
3.35 0.0000
3.36 0.0000
3.37 0.0000
3.38 0.0000
3.39 0.0000
3.40 0.0000
3.41 0.0000
3.42 0.0000
3.43 0.0000
3.44 0.0000
3.45 0.0000
3.46 0.0000
3.47 0.0000
3.48 0.0000
3.49 0.0000
3.50 0.0000
3.51 0.0000
3.52 223.2000
3.53 223.2000
3.54 223.2000
3.55 224.0072
3.56 224.0072
3.57 224.0072
3.58 224.0072
3.59 223.2000
3.60 223.2000
3.61 222.3956
3.62 222.3956
3.63 221.5942
3.64 220.7957
3.65 219.2072
3.66 218.4173
3.67 217.6302
3.68 217.6302
3.69 209.1571
3.70 206.1584
3.71 182.3449
3.72 177.7946
3.73 177.7946
3.74 177.7946
3.75 177.7946
3.76 177.7946
3.77 178.4377
3.78 180.3807
3.79 181.0331
3.80 182.3449
3.81 182.3449
3.82 182.3449
3.83 183.0044
3.84 183.0044
3.85 183.0044
3.86 183.0044
3.87 183.0044
3.88 183.6663
3.89 184.3305
3.90 184.3305
3.91 184.9972
3.92 184.9972
3.93 184.9972
3.94 184.9972
3.95 184.9972
3.96 184.9972
3.97 184.9972
3.98 184.9972
3.99 184.9972
4.00 184.9972
4.01 184.9972
4.02 184.9972
4.03 184.9972
4.04 185.6663
4.05 185.6663
4.06 185.6663
4.07 185.6663
4.08 185.6663
4.09 185.6663
4.10 185.6663
4.11 185.6663
4.12 185.6663
4.13 186.3378
4.14 186.3378
4.15 186.3378
4.16 187.0117
4.17 187.0117
4.18 187.0117
4.19 187.0117
4.20 187.0117
4.21 187.6881
4.22 187.6881
4.23 187.6881
4.24 187.6881
4.25 188.3669
4.26 188.3669
4.27 188.3669
4.28 188.3669
4.29 189.0481
4.30 189.0481
4.31 189.0481
4.32 189.0481
4.33 189.0481
4.34 189.0481
4.35 189.0481
4.36 189.0481
4.37 189.0481
4.38 189.0481
4.39 189.0481
4.40 189.7318
4.41 189.7318
4.42 189.7318
4.43 189.7318
4.44 189.0481
4.45 189.0481
4.46 0.0000
4.47 0.0000
4.48 0.0000
4.49 0.0000
4.50 0.0000
4.51 0.0000
4.52 0.0000
4.53 0.0000
4.54 0.0000
4.55 0.0000
4.56 0.0000
4.57 0.0000
4.58 0.0000
4.59 0.0000
4.60 0.0000
4.61 224.0072
4.62 224.8174
4.63 225.6305
4.64 226.4465
4.65 228.9123
4.66 229.7402
4.67 230.5711
4.68 230.5711
4.69 231.4050
4.70 231.4050
4.71 231.4050
4.72 233.0819
4.73 233.9249
4.74 237.3274
4.75 239.9117
4.76 242.5242
4.77 247.8348
4.78 249.6307
4.79 253.2616
4.80 254.1776
4.81 254.1776
4.82 254.1776
4.83 254.1776
4.84 254.1776
4.85 253.2616
4.86 252.3490
4.87 251.4396
4.88 251.4396
4.89 251.4396
4.90 251.4396
4.91 251.4396
4.92 251.4396
4.93 251.4396
4.94 251.4396
4.95 252.3490
4.96 254.1776
4.97 254.1776
4.98 254.1776
4.99 254.1776
5.00 254.1776
5.01 254.1776
5.02 253.2616
5.03 249.6307
5.04 0.0000
5.05 0.0000
5.06 0.0000
5.07 0.0000
5.08 0.0000
5.09 0.0000
5.10 0.0000
5.11 0.0000
5.12 0.0000
5.13 0.0000
5.14 0.0000
5.15 0.0000
5.16 0.0000
5.17 0.0000
5.18 0.0000
5.19 0.0000
5.20 0.0000
5.21 0.0000
5.22 0.0000
5.23 0.0000
5.24 0.0000
5.25 0.0000
5.26 0.0000
5.27 0.0000
5.28 0.0000
5.29 0.0000
5.30 0.0000
5.31 0.0000
5.32 0.0000
5.33 0.0000
5.34 0.0000
5.35 0.0000
5.36 0.0000
5.37 0.0000
5.38 0.0000
5.39 0.0000
5.40 0.0000
5.41 0.0000
5.42 0.0000
5.43 0.0000
5.44 0.0000
5.45 0.0000
5.46 0.0000
5.47 0.0000
5.48 0.0000
5.49 0.0000
5.50 0.0000
5.51 0.0000
5.52 0.0000
5.53 0.0000
5.54 0.0000
5.55 0.0000
5.56 0.0000
5.57 251.4396
5.58 251.4396
5.59 251.4396
5.60 251.4396
5.61 250.5335
5.62 250.5335
5.63 250.5335
5.64 251.4396
5.65 251.4396
5.66 251.4396
5.67 251.4396
5.68 251.4396
5.69 251.4396
5.70 251.4396
5.71 251.4396
5.72 252.3490
5.73 252.3490
5.74 252.3490
5.75 252.3490
5.76 252.3490
5.77 252.3490
5.78 252.3490
5.79 252.3490
5.80 252.3490
5.81 252.3490
5.82 253.2616
5.83 253.2616
5.84 254.1776
5.85 259.7434
5.86 262.5718
5.87 265.4310
5.88 271.2432
5.89 286.3366
5.90 286.3366
5.91 286.3366
5.92 286.3366
5.93 284.2766
5.94 283.2521
5.95 282.2314
5.96 281.2143
5.97 280.2010
5.98 279.1912
5.99 279.1912
6.00 277.1826
6.01 273.2087
6.02 272.2242
6.03 270.2657
6.04 266.3910
6.05 265.4310
6.06 262.5718
6.07 262.5718
6.08 260.6828
6.09 258.8073
6.10 256.9454
6.11 254.1776
6.12 254.1776
6.13 253.2616
6.14 253.2616
6.15 253.2616
6.16 253.2616
6.17 253.2616
6.18 253.2616
6.19 250.5335
6.20 0.0000
6.21 0.0000
6.22 0.0000
6.23 0.0000
6.24 0.0000
6.25 0.0000
6.26 0.0000
6.27 0.0000
6.28 0.0000
6.29 0.0000
6.30 0.0000
6.31 0.0000
6.32 0.0000
6.33 0.0000
6.34 233.9249
6.35 233.9249
6.36 233.9249
6.37 233.0819
6.38 233.0819
6.39 233.0819
6.40 232.2419
6.41 232.2419
6.42 232.2419
6.43 231.4050
6.44 230.5711
6.45 229.7402
6.46 229.7402
6.47 228.9123
6.48 228.9123
6.49 228.9123
6.50 228.9123
6.51 228.9123
6.52 228.9123
6.53 228.9123
6.54 228.0874
6.55 228.0874
6.56 227.2655
6.57 226.4465
6.58 225.6305
6.59 224.8174
6.60 220.0000
6.61 217.6302
6.62 212.1993
6.63 208.4034
6.64 197.4180
6.65 193.8864
6.66 189.0481
6.67 185.6663
6.68 185.6663
6.69 185.6663
6.70 185.6663
6.71 185.6663
6.72 184.9972
6.73 184.9972
6.74 184.9972
6.75 184.9972
6.76 184.9972
6.77 184.9972
6.78 184.9972
6.79 184.9972
6.80 184.9972
6.81 184.9972
6.82 184.9972
6.83 184.9972
6.84 184.9972
6.85 185.6663
6.86 186.3378
6.87 187.0117
6.88 187.6881
6.89 187.6881
6.90 187.6881
6.91 187.6881
6.92 187.6881
6.93 187.0117
6.94 187.0117
6.95 187.0117
6.96 187.0117
6.97 187.0117
6.98 186.3378
6.99 186.3378
7.00 185.6663
7.01 185.6663
7.02 184.9972
7.03 184.9972
7.04 184.9972
7.05 184.9972
7.06 185.6663
7.07 186.3378
7.08 187.0117
7.09 187.6881
7.10 188.3669
7.11 188.3669
7.12 189.0481
7.13 189.7318
7.14 189.7318
7.15 189.7318
7.16 189.0481
7.17 188.3669
7.18 187.6881
7.19 187.6881
7.20 187.6881
7.21 188.3669
7.22 188.3669
7.23 189.0481
7.24 189.0481
7.25 189.0481
7.26 189.7318
7.27 189.7318
7.28 189.7318
7.29 189.7318
7.30 189.0481
7.31 189.0481
7.32 188.3669
7.33 188.3669
7.34 188.3669
7.35 188.3669
7.36 188.3669
7.37 188.3669
7.38 188.3669
7.39 188.3669
7.40 188.3669
7.41 188.3669
7.42 188.3669
7.43 188.3669
7.44 188.3669
7.45 188.3669
7.46 187.0117
7.47 186.3378
7.48 0.0000
7.49 0.0000
7.50 0.0000
7.51 0.0000
7.52 0.0000
7.53 0.0000
7.54 0.0000
7.55 0.0000
7.56 0.0000
7.57 0.0000
7.58 0.0000
7.59 0.0000
7.60 0.0000
7.61 0.0000
7.62 0.0000
7.63 0.0000
7.64 0.0000
7.65 0.0000
7.66 0.0000
7.67 0.0000
7.68 0.0000
7.69 0.0000
7.70 0.0000
7.71 0.0000
7.72 0.0000
7.73 0.0000
7.74 0.0000
7.75 0.0000
7.76 0.0000
7.77 0.0000
7.78 0.0000
7.79 0.0000
7.80 0.0000
7.81 0.0000
7.82 0.0000
7.83 0.0000
7.84 0.0000
7.85 0.0000
7.86 0.0000
7.87 256.9454
7.88 256.9454
7.89 256.9454
7.90 256.0195
7.91 256.0195
7.92 256.0195
7.93 256.0195
7.94 256.0195
7.95 255.0969
7.96 255.0969
7.97 255.0969
7.98 254.1776
7.99 253.2616
8.00 252.3490
8.01 252.3490
8.02 252.3490
8.03 252.3490
8.04 252.3490
8.05 253.2616
8.06 254.1776
8.07 254.1776
8.08 254.1776
8.09 254.1776
8.10 0.0000
8.11 0.0000
8.12 0.0000
8.13 0.0000
8.14 0.0000
8.15 0.0000
8.16 0.0000
8.17 0.0000
8.18 0.0000
8.19 0.0000
8.20 0.0000
8.21 0.0000
8.22 0.0000
8.23 0.0000
8.24 0.0000
8.25 0.0000
8.26 0.0000
8.27 0.0000
8.28 0.0000
8.29 0.0000
8.30 0.0000
8.31 0.0000
8.32 0.0000
8.33 0.0000
8.34 0.0000
8.35 0.0000
8.36 0.0000
8.37 0.0000
8.38 0.0000
8.39 0.0000
8.40 0.0000
8.41 0.0000
8.42 0.0000
8.43 0.0000
8.44 0.0000
8.45 0.0000
8.46 0.0000
8.47 0.0000
8.48 0.0000
8.49 0.0000
8.50 0.0000
8.51 0.0000
8.52 0.0000
8.53 0.0000
8.54 0.0000
8.55 0.0000
8.56 0.0000
8.57 0.0000
8.58 0.0000
8.59 0.0000
8.60 0.0000
8.61 0.0000
8.62 0.0000
8.63 0.0000
8.64 0.0000
8.65 246.0518
8.66 246.0518
8.67 246.0518
8.68 246.0518
8.69 245.1651
8.70 243.4013
8.71 242.5242
8.72 242.5242
8.73 242.5242
8.74 243.4013
8.75 244.2816
8.76 245.1651
8.77 246.9417
8.78 246.9417
8.79 248.7311
8.80 248.7311
8.81 249.6307
8.82 249.6307
8.83 249.6307
8.84 250.5335
8.85 251.4396
8.86 251.4396
8.87 251.4396
8.88 251.4396
8.89 251.4396
8.90 251.4396
8.91 251.4396
8.92 252.3490
8.93 252.3490
8.94 252.3490
8.95 252.3490
8.96 253.2616
8.97 253.2616
8.98 254.1776
8.99 259.7434
9.00 259.7434
9.01 261.6256
9.02 263.5214
9.03 265.4310
9.04 271.2432
9.05 274.1968
9.06 277.1826
9.07 283.2521
9.08 283.2521
9.09 283.2521
9.10 283.2521
9.11 283.2521
9.12 282.2314
9.13 281.2143
9.14 280.2010
9.15 280.2010
9.16 280.2010
9.17 279.1912
9.18 278.1851
9.19 277.1826
9.20 273.2087
9.21 272.2242
9.22 271.2432
9.23 266.3910
9.24 265.4310
9.25 262.5718
9.26 260.6828
9.27 258.8073
9.28 256.0195
9.29 255.0969
9.30 255.0969
9.31 255.0969
9.32 255.0969
9.33 255.0969
9.34 255.0969
9.35 254.1776
9.36 254.1776
9.37 253.2616
9.38 247.8348
9.39 241.6502
9.40 240.7794
9.41 0.0000
9.42 0.0000
9.43 0.0000
9.44 0.0000
9.45 0.0000
9.46 0.0000
9.47 226.4465
9.48 226.4465
9.49 226.4465
9.50 224.8174
9.51 224.8174
9.52 224.0072
9.53 224.0072
9.54 224.0072
9.55 224.0072
9.56 224.0072
9.57 224.0072
9.58 224.0072
9.59 224.0072
9.60 224.8174
9.61 224.8174
9.62 224.8174
9.63 224.8174
9.64 224.8174
9.65 224.8174
9.66 224.8174
9.67 224.8174
9.68 224.0072
9.69 223.2000
9.70 222.3956
9.71 222.3956
9.72 221.5942
9.73 220.7957
9.74 218.4173
9.75 212.9668
9.76 209.1571
9.77 208.4034
9.78 201.0139
9.79 195.9977
9.80 186.3378
9.81 184.3305
9.82 183.0044
9.83 183.0044
9.84 183.0044
9.85 183.0044
9.86 184.3305
9.87 184.9972
9.88 184.9972
9.89 184.9972
9.90 184.9972
9.91 184.9972
9.92 184.9972
9.93 184.9972
9.94 184.9972
9.95 184.9972
9.96 184.9972
9.97 185.6663
9.98 185.6663
9.99 185.6663
10.00 185.6663
10.01 185.6663
10.02 185.6663
10.03 185.6663
10.04 185.6663
10.05 186.3378
10.06 186.3378
10.07 186.3378
10.08 186.3378
10.09 185.6663
10.10 185.6663
10.11 185.6663
10.12 184.9972
10.13 184.9972
10.14 184.9972
10.15 184.9972
10.16 184.9972
10.17 185.6663
10.18 185.6663
10.19 186.3378
10.20 187.6881
10.21 188.3669
10.22 188.3669
10.23 188.3669
10.24 188.3669
10.25 188.3669
10.26 187.6881
10.27 187.0117
10.28 187.0117
10.29 186.3378
10.30 185.6663
10.31 185.6663
10.32 184.9972
10.33 184.9972
10.34 184.9972
10.35 184.9972
10.36 184.9972
10.37 185.6663
10.38 186.3378
10.39 187.0117
10.40 187.0117
10.41 187.0117
10.42 187.0117
10.43 187.0117
10.44 187.6881
10.45 187.6881
10.46 187.6881
10.47 188.3669
10.48 188.3669
10.49 188.3669
10.50 188.3669
10.51 188.3669
10.52 188.3669
10.53 188.3669
10.54 188.3669
10.55 188.3669
10.56 187.6881
10.57 187.6881
10.58 187.6881
10.59 187.0117
10.60 186.3378
10.61 186.3378
10.62 185.6663
10.63 0.0000
10.64 0.0000
10.65 0.0000
10.66 0.0000
10.67 0.0000
10.68 0.0000
10.69 0.0000
10.70 0.0000
10.71 0.0000
10.72 0.0000
10.73 217.6302
10.74 217.6302
10.75 218.4173
10.76 218.4173
10.77 219.2072
10.78 220.0000
10.79 220.7957
10.80 221.5942
10.81 222.3956
10.82 222.3956
10.83 223.2000
10.84 224.0072
10.85 226.4465
10.86 228.9123
10.87 230.5711
10.88 233.0819
10.89 234.7709
10.90 239.0471
10.91 242.5242
10.92 247.8348
10.93 249.6307
10.94 255.0969
10.95 256.0195
10.96 256.9454
10.97 256.9454
10.98 256.9454
10.99 255.0969
11.00 254.1776
11.01 254.1776
11.02 254.1776
11.03 254.1776
11.04 254.1776
11.05 254.1776
11.06 254.1776
11.07 254.1776
11.08 254.1776
11.09 254.1776
11.10 254.1776
11.11 254.1776
11.12 253.2616
11.13 253.2616
11.14 253.2616
11.15 252.3490
11.16 251.4396
11.17 251.4396
11.18 251.4396
11.19 251.4396
11.20 251.4396
11.21 251.4396
11.22 251.4396
11.23 251.4396
11.24 251.4396
11.25 251.4396
11.26 251.4396
11.27 251.4396
11.28 253.2616
11.29 254.1776
11.30 254.1776
11.31 254.1776
11.32 254.1776
11.33 254.1776
11.34 254.1776
11.35 254.1776
11.36 254.1776
11.37 254.1776
11.38 254.1776
11.39 254.1776
11.40 254.1776
11.41 254.1776
11.42 255.0969
11.43 255.0969
11.44 255.0969
11.45 255.0969
11.46 255.0969
11.47 255.0969
11.48 255.0969
11.49 255.0969
11.50 255.0969
11.51 255.0969
11.52 255.0969
11.53 255.0969
11.54 255.0969
11.55 254.1776
11.56 254.1776
11.57 253.2616
11.58 252.3490
11.59 248.7311
11.60 244.2816
11.61 243.4013
11.62 241.6502
11.63 0.0000
11.64 0.0000
11.65 0.0000
11.66 0.0000
11.67 0.0000
11.68 0.0000
11.69 0.0000
11.70 0.0000
11.71 0.0000
11.72 0.0000
11.73 0.0000
11.74 0.0000
11.75 0.0000
11.76 0.0000
11.77 0.0000
11.78 0.0000
11.79 0.0000
11.80 0.0000
11.81 0.0000
11.82 0.0000
11.83 0.0000
11.84 254.1776
11.85 254.1776
11.86 255.0969
11.87 255.0969
11.88 255.0969
11.89 255.0969
11.90 254.1776
11.91 254.1776
11.92 254.1776
11.93 254.1776
11.94 254.1776
11.95 254.1776
11.96 254.1776
11.97 254.1776
11.98 254.1776
11.99 255.0969
12.00 255.0969
12.01 255.0969
12.02 255.0969
12.03 255.0969
12.04 255.0969
12.05 255.0969
12.06 255.0969
12.07 256.0195
12.08 257.8747
12.09 261.6256
12.10 261.6256
12.11 264.4745
12.12 265.4310
12.13 271.2432
12.14 274.1968
12.15 278.1851
12.16 284.2766
12.17 284.2766
12.18 284.2766
12.19 284.2766
12.20 283.2521
12.21 283.2521
12.22 283.2521
12.23 282.2314
12.24 281.2143
12.25 278.1851
12.26 273.2087
12.27 272.2242
12.28 267.3544
12.29 262.5718
12.30 258.8073
12.31 256.0195
12.32 254.1776
12.33 253.2616
12.34 252.3490
12.35 251.4396
12.36 251.4396
12.37 251.4396
12.38 251.4396
12.39 251.4396
12.40 251.4396
12.41 250.5335
12.42 250.5335
12.43 248.7311
12.44 245.1651
12.45 241.6502
12.46 0.0000
12.47 0.0000
12.48 0.0000
12.49 0.0000
12.50 0.0000
12.51 0.0000
12.52 0.0000
12.53 0.0000
12.54 0.0000
12.55 224.8174
12.56 224.8174
12.57 224.8174
12.58 224.8174
12.59 224.8174
12.60 224.8174
12.61 224.8174
12.62 224.8174
12.63 224.8174
12.64 225.6305
12.65 226.4465
12.66 227.2655
12.67 227.2655
12.68 227.2655
12.69 226.4465
12.70 226.4465
12.71 225.6305
12.72 225.6305
12.73 224.8174
12.74 224.8174
12.75 224.8174
12.76 224.0072
12.77 222.3956
12.78 222.3956
12.79 220.7957
12.80 217.6302
12.81 212.1993
12.82 209.1571
12.83 208.4034
12.84 201.0139
12.85 195.2914
12.86 192.4916
12.87 189.0481
12.88 188.3669
12.89 188.3669
12.90 188.3669
12.91 189.0481
12.92 189.0481
12.93 189.0481
12.94 188.3669
12.95 187.6881
12.96 187.0117
12.97 187.0117
12.98 187.0117
12.99 187.0117
13.00 187.6881
13.01 187.6881
13.02 189.0481
13.03 189.0481
13.04 189.0481
13.05 189.0481
13.06 189.0481
13.07 189.0481
13.08 189.0481
13.09 188.3669
13.10 188.3669
13.11 188.3669
13.12 188.3669
13.13 188.3669
13.14 187.6881
13.15 187.0117
13.16 186.3378
13.17 185.6663
13.18 184.9972
13.19 184.9972
13.20 184.9972
13.21 0.0000
13.22 0.0000
13.23 0.0000
13.24 0.0000
13.25 189.7318
13.26 189.7318
13.27 189.7318
13.28 189.0481
13.29 189.0481
13.30 189.0481
13.31 189.0481
13.32 189.0481
13.33 189.7318
13.34 189.7318
13.35 189.7318
13.36 189.7318
13.37 190.4180
13.38 190.4180
13.39 190.4180
13.40 190.4180
13.41 190.4180
13.42 190.4180
13.43 190.4180
13.44 190.4180
13.45 190.4180
13.46 189.7318
13.47 189.0481
13.48 188.3669
13.49 188.3669
13.50 187.0117
13.51 186.3378
13.52 185.6663
13.53 185.6663
13.54 185.6663
13.55 185.6663
13.56 185.6663
13.57 185.6663
13.58 185.6663
13.59 186.3378
13.60 186.3378
13.61 187.0117
13.62 187.6881
13.63 187.6881
13.64 187.6881
13.65 187.6881
13.66 187.0117
13.67 187.0117
13.68 186.3378
13.69 185.6663
13.70 184.3305
13.71 182.3449
13.72 182.3449
13.73 181.6878
13.74 0.0000
13.75 0.0000
13.76 0.0000
13.77 0.0000
13.78 209.1571
13.79 215.2859
13.80 217.6302
13.81 219.2072
13.82 221.5942
13.83 222.3956
13.84 224.0072
13.85 224.8174
13.86 226.4465
13.87 228.9123
13.88 230.5711
13.89 232.2419
13.90 233.9249
13.91 234.7709
13.92 238.1857
13.93 239.9117
13.94 244.2816
13.95 254.1776
13.96 254.1776
13.97 256.0195
13.98 257.8747
13.99 259.7434
14.00 261.6256
14.01 261.6256
14.02 261.6256
14.03 261.6256
14.04 261.6256
14.05 260.6828
14.06 260.6828
14.07 260.6828
14.08 260.6828
14.09 260.6828
14.10 259.7434
14.11 259.7434
14.12 259.7434
14.13 258.8073
14.14 257.8747
14.15 257.8747
14.16 256.9454
14.17 256.0195
14.18 256.0195
14.19 256.0195
14.20 256.0195
14.21 255.0969
14.22 255.0969
14.23 255.0969
14.24 255.0969
14.25 255.0969
14.26 255.0969
14.27 255.0969
14.28 255.0969
14.29 255.0969
14.30 255.0969
14.31 255.0969
14.32 255.0969
14.33 255.0969
14.34 255.0969
14.35 255.0969
14.36 255.0969
14.37 255.0969
14.38 255.0969
14.39 255.0969
14.40 255.0969
14.41 255.0969
14.42 255.0969
14.43 255.0969
14.44 256.0195
14.45 256.0195
14.46 256.0195
14.47 256.0195
14.48 256.0195
14.49 256.0195
14.50 256.0195
14.51 256.0195
14.52 255.0969
14.53 255.0969
14.54 255.0969
14.55 254.1776
14.56 0.0000
14.57 0.0000
14.58 0.0000
14.59 0.0000
14.60 0.0000
14.61 0.0000
14.62 0.0000
14.63 0.0000
14.64 0.0000
14.65 0.0000
14.66 0.0000
14.67 0.0000
14.68 0.0000
14.69 0.0000
14.70 0.0000
14.71 0.0000
14.72 0.0000
14.73 224.0072
14.74 224.0072
14.75 224.0072
14.76 224.0072
14.77 224.0072
14.78 224.8174
14.79 224.8174
14.80 224.8174
14.81 225.6305
14.82 225.6305
14.83 226.4465
14.84 227.2655
14.85 228.0874
14.86 228.0874
14.87 228.9123
14.88 231.4050
14.89 231.4050
14.90 231.4050
14.91 231.4050
14.92 230.5711
14.93 230.5711
14.94 228.9123
14.95 228.0874
14.96 225.6305
14.97 219.2072
14.98 217.6302
14.99 211.4347
15.00 208.4034
15.01 201.0139
15.02 196.7066
15.03 194.5877
15.04 193.8864
15.05 193.8864
15.06 193.8864
15.07 193.8864
15.08 193.8864
15.09 193.1877
15.10 193.1877
15.11 192.4916
15.12 192.4916
15.13 191.7979
15.14 191.1067
15.15 190.4180
15.16 189.7318
15.17 189.0481
15.18 189.0481
15.19 189.0481
15.20 189.0481
15.21 189.0481
15.22 189.0481
15.23 189.0481
15.24 189.0481
15.25 189.0481
15.26 189.0481
15.27 189.0481
15.28 189.0481
15.29 188.3669
15.30 188.3669
15.31 188.3669
15.32 188.3669
15.33 188.3669
15.34 187.6881
15.35 187.6881
15.36 187.0117
15.37 186.3378
15.38 186.3378
15.39 186.3378
15.40 186.3378
15.41 186.3378
15.42 187.0117
15.43 188.3669
15.44 188.3669
15.45 188.3669
15.46 187.6881
15.47 187.6881
15.48 187.0117
15.49 187.0117
15.50 187.0117
15.51 187.0117
15.52 187.6881
15.53 188.3669
15.54 188.3669
15.55 188.3669
15.56 188.3669
15.57 188.3669
15.58 189.0481
15.59 189.0481
15.60 189.7318
15.61 191.1067
15.62 191.1067
15.63 191.1067
15.64 0.0000
15.65 0.0000
15.66 0.0000
15.67 0.0000
15.68 0.0000
15.69 0.0000
15.70 0.0000
15.71 0.0000
15.72 0.0000
15.73 0.0000
15.74 0.0000
15.75 0.0000
15.76 0.0000
15.77 0.0000
15.78 0.0000
15.79 0.0000
15.80 0.0000
15.81 0.0000
15.82 0.0000
15.83 0.0000
15.84 0.0000
15.85 0.0000
15.86 0.0000
15.87 0.0000
15.88 0.0000
15.89 0.0000
15.90 0.0000
15.91 0.0000
15.92 0.0000
15.93 0.0000
15.94 0.0000
15.95 0.0000
15.96 0.0000
15.97 0.0000
15.98 0.0000
15.99 0.0000
16.00 0.0000
16.01 0.0000
16.02 0.0000
16.03 0.0000
16.04 0.0000
16.05 0.0000
16.06 0.0000
16.07 0.0000
16.08 0.0000
16.09 0.0000
16.10 0.0000
16.11 0.0000
16.12 0.0000
16.13 0.0000
16.14 0.0000
16.15 0.0000
16.16 0.0000
16.17 0.0000
16.18 0.0000
16.19 0.0000
16.20 0.0000
16.21 0.0000
16.22 0.0000
16.23 0.0000
16.24 236.4721
16.25 236.4721
16.26 236.4721
16.27 236.4721
16.28 235.6200
16.29 233.9249
16.30 233.0819
16.31 233.0819
16.32 232.2419
16.33 232.2419
16.34 231.4050
16.35 231.4050
16.36 230.5711
16.37 229.7402
16.38 228.9123
16.39 228.9123
16.40 228.9123
16.41 228.9123
16.42 228.9123
16.43 225.6305
16.44 225.6305
16.45 0.0000
16.46 0.0000
16.47 0.0000
16.48 0.0000
16.49 0.0000
16.50 0.0000
16.51 0.0000
16.52 0.0000
16.53 0.0000
16.54 0.0000
16.55 0.0000
16.56 232.2419
16.57 232.2419
16.58 232.2419
16.59 232.2419
16.60 231.4050
16.61 230.5711
16.62 230.5711
16.63 229.7402
16.64 228.9123
16.65 228.0874
16.66 226.4465
16.67 224.8174
16.68 221.5942
16.69 219.2072
16.70 212.1993
16.71 209.9135
16.72 209.1571
16.73 194.5877
16.74 189.7318
16.75 189.7318
16.76 189.7318
16.77 189.7318
16.78 189.7318
16.79 189.7318
16.80 189.0481
16.81 188.3669
16.82 187.6881
16.83 186.3378
16.84 185.6663
16.85 185.6663
16.86 185.6663
16.87 185.6663
16.88 185.6663
16.89 185.6663
16.90 186.3378
16.91 187.0117
16.92 187.0117
16.93 187.0117
16.94 187.6881
16.95 187.6881
16.96 188.3669
16.97 188.3669
16.98 188.3669
16.99 188.3669
17.00 188.3669
17.01 188.3669
17.02 188.3669
17.03 188.3669
17.04 188.3669
17.05 189.0481
17.06 189.7318
17.07 189.7318
17.08 189.7318
17.09 191.1067
17.10 191.7979
17.11 192.4916
17.12 193.1877
17.13 193.8864
17.14 193.8864
17.15 193.8864
17.16 0.0000
17.17 0.0000
17.18 0.0000
17.19 0.0000
17.20 0.0000
17.21 0.0000
17.22 0.0000
17.23 0.0000
17.24 0.0000
17.25 0.0000
17.26 0.0000
17.27 0.0000
17.28 0.0000
17.29 0.0000
17.30 0.0000
17.31 0.0000
17.32 0.0000
17.33 0.0000
17.34 0.0000
17.35 0.0000
17.36 0.0000
17.37 0.0000
17.38 0.0000
17.39 0.0000
17.40 0.0000
17.41 0.0000
17.42 0.0000
17.43 0.0000
17.44 0.0000
17.45 0.0000
17.46 0.0000
17.47 0.0000
17.48 0.0000
17.49 0.0000
17.50 0.0000
17.51 0.0000
17.52 0.0000
17.53 0.0000
17.54 0.0000
17.55 0.0000
17.56 0.0000
17.57 0.0000
17.58 0.0000
17.59 0.0000
17.60 0.0000
17.61 0.0000
17.62 250.5335
17.63 250.5335
17.64 250.5335
17.65 250.5335
17.66 250.5335
17.67 249.6307
17.68 249.6307
17.69 249.6307
17.70 248.7311
17.71 248.7311
17.72 248.7311
17.73 247.8348
17.74 246.9417
17.75 246.9417
17.76 246.9417
17.77 246.9417
17.78 246.9417
17.79 246.9417
17.80 246.9417
17.81 246.9417
17.82 246.0518
17.83 246.0518
17.84 246.0518
17.85 246.0518
17.86 246.0518
17.87 246.0518
17.88 247.8348
17.89 248.7311
17.90 248.7311
17.91 249.6307
17.92 249.6307
17.93 250.5335
17.94 251.4396
17.95 251.4396
17.96 251.4396
17.97 251.4396
17.98 249.6307
17.99 249.6307
18.00 249.6307
18.01 248.7311
18.02 248.7311
18.03 248.7311
18.04 246.9417
18.05 244.2816
18.06 240.7794
18.07 238.1857
18.08 208.4034
18.09 194.5877
18.10 193.8864
18.11 193.1877
18.12 192.4916
18.13 191.7979
18.14 191.7979
18.15 191.7979
18.16 191.7979
18.17 191.7979
18.18 191.7979
18.19 191.7979
18.20 191.1067
18.21 191.1067
18.22 190.4180
18.23 190.4180
18.24 190.4180
18.25 190.4180
18.26 191.1067
18.27 191.1067
18.28 191.7979
18.29 192.4916
18.30 192.4916
18.31 192.4916
18.32 192.4916
18.33 191.7979
18.34 191.1067
18.35 190.4180
18.36 189.7318
18.37 189.7318
18.38 189.7318
18.39 189.7318
18.40 189.7318
18.41 189.7318
18.42 189.7318
18.43 189.7318
18.44 189.7318
18.45 189.7318
18.46 189.0481
18.47 189.0481
18.48 189.0481
18.49 189.0481
18.50 189.0481
18.51 189.0481
18.52 189.0481
18.53 0.0000
18.54 0.0000
18.55 0.0000
18.56 0.0000
18.57 0.0000
18.58 0.0000
18.59 0.0000
18.60 0.0000
18.61 0.0000
18.62 0.0000
18.63 0.0000
18.64 0.0000
18.65 0.0000
18.66 0.0000
18.67 0.0000
18.68 0.0000
18.69 0.0000
18.70 0.0000
18.71 0.0000
18.72 0.0000
18.73 0.0000
18.74 0.0000
18.75 0.0000
18.76 0.0000
18.77 0.0000
18.78 0.0000
18.79 0.0000
18.80 0.0000
18.81 0.0000
18.82 0.0000
18.83 0.0000
18.84 0.0000
18.85 0.0000
18.86 0.0000
18.87 0.0000
18.88 0.0000
18.89 0.0000
18.90 0.0000
18.91 0.0000
18.92 0.0000
18.93 0.0000
18.94 0.0000
18.95 0.0000
18.96 0.0000
18.97 0.0000
18.98 0.0000
18.99 0.0000
19.00 0.0000
19.01 0.0000
19.02 0.0000
19.03 0.0000
19.04 0.0000
19.05 0.0000
19.06 0.0000
19.07 0.0000
19.08 0.0000
19.09 0.0000
19.10 0.0000
19.11 0.0000
19.12 0.0000
19.13 0.0000
19.14 0.0000
19.15 0.0000
19.16 0.0000
19.17 0.0000
19.18 0.0000
19.19 0.0000
19.20 0.0000
19.21 0.0000
19.22 0.0000
19.23 0.0000
19.24 0.0000
19.25 0.0000
19.26 0.0000
19.27 0.0000
19.28 0.0000
19.29 0.0000
19.30 0.0000
19.31 0.0000
19.32 0.0000
19.33 0.0000
19.34 0.0000
19.35 0.0000
19.36 0.0000
19.37 0.0000
19.38 0.0000
19.39 0.0000
19.40 0.0000
19.41 0.0000
19.42 0.0000
19.43 0.0000
19.44 0.0000
19.45 0.0000
19.46 0.0000
19.47 0.0000
19.48 0.0000
19.49 0.0000
19.50 0.0000
19.51 0.0000
19.52 0.0000
19.53 0.0000
19.54 0.0000
19.55 0.0000
19.56 0.0000
19.57 0.0000
19.58 0.0000
19.59 0.0000
19.60 0.0000
19.61 0.0000
19.62 0.0000
19.63 0.0000
19.64 0.0000
19.65 0.0000
19.66 0.0000
19.67 0.0000
19.68 0.0000
19.69 0.0000
19.70 0.0000
19.71 0.0000
19.72 0.0000
19.73 0.0000
19.74 0.0000
19.75 0.0000
19.76 0.0000
19.77 0.0000
19.78 0.0000
19.79 0.0000
19.80 0.0000
19.81 0.0000
19.82 0.0000
19.83 0.0000
19.84 0.0000
19.85 0.0000
19.86 0.0000
19.87 0.0000
19.88 0.0000
19.89 0.0000
19.90 0.0000
19.91 0.0000
19.92 0.0000
19.93 0.0000
19.94 0.0000
19.95 0.0000
19.96 0.0000
19.97 0.0000
19.98 0.0000
19.99 0.0000
20.00 0.0000
20.01 0.0000
20.02 0.0000
20.03 0.0000
20.04 0.0000
20.05 0.0000
20.06 0.0000
20.07 0.0000
20.08 0.0000
20.09 0.0000
20.10 0.0000
20.11 0.0000
20.12 0.0000
20.13 0.0000
20.14 0.0000
20.15 0.0000
20.16 0.0000
20.17 0.0000
20.18 0.0000
20.19 0.0000
20.20 0.0000
20.21 0.0000
20.22 0.0000
20.23 0.0000
20.24 0.0000
20.25 0.0000
20.26 0.0000
20.27 0.0000
20.28 0.0000
20.29 0.0000
20.30 0.0000
20.31 0.0000
20.32 0.0000
20.33 0.0000
20.34 0.0000
20.35 0.0000
20.36 0.0000
20.37 0.0000
20.38 0.0000
20.39 0.0000
20.40 0.0000
20.41 0.0000
20.42 0.0000
20.43 0.0000
20.44 0.0000
20.45 0.0000
