0.00 0.0000
0.01 0.0000
0.02 0.0000
0.03 0.0000
0.04 0.0000
0.05 0.0000
0.06 0.0000
0.07 0.0000
0.08 0.0000
0.09 0.0000
0.10 0.0000
0.11 0.0000
0.12 0.0000
0.13 0.0000
0.14 0.0000
0.15 0.0000
0.16 0.0000
0.17 0.0000
0.18 0.0000
0.19 0.0000
0.20 0.0000
0.21 0.0000
0.22 0.0000
0.23 0.0000
0.24 0.0000
0.25 0.0000
0.26 0.0000
0.27 0.0000
0.28 0.0000
0.29 0.0000
0.30 0.0000
0.31 0.0000
0.32 0.0000
0.33 0.0000
0.34 0.0000
0.35 0.0000
0.36 0.0000
0.37 0.0000
0.38 0.0000
0.39 0.0000
0.40 0.0000
0.41 0.0000
0.42 0.0000
0.43 0.0000
0.44 0.0000
0.45 0.0000
0.46 0.0000
0.47 0.0000
0.48 0.0000
0.49 0.0000
0.50 0.0000
0.51 0.0000
0.52 0.0000
0.53 0.0000
0.54 0.0000
0.55 0.0000
0.56 0.0000
0.57 0.0000
0.58 0.0000
0.59 0.0000
0.60 0.0000
0.61 0.0000
0.62 0.0000
0.63 0.0000
0.64 0.0000
0.65 0.0000
0.66 0.0000
0.67 0.0000
0.68 0.0000
0.69 0.0000
0.70 0.0000
0.71 0.0000
0.72 0.0000
0.73 206.9040
0.74 206.9040
0.75 207.6523
0.76 207.6523
0.77 207.6523
0.78 207.6523
0.79 207.6523
0.80 207.6523
0.81 208.4034
0.82 208.4034
0.83 208.4034
0.84 208.4034
0.85 208.4034
0.86 209.1571
0.87 209.1571
0.88 209.1571
0.89 209.1571
0.90 208.4034
0.91 208.4034
0.92 208.4034
0.93 208.4034
0.94 208.4034
0.95 209.1571
0.96 209.9135
0.97 211.4347
0.98 216.8459
0.99 216.8459
1.00 216.8459
1.01 215.2859
1.02 213.7370
1.03 212.1993
1.04 211.4347
1.05 211.4347
1.06 209.1571
1.07 0.0000
1.08 0.0000
1.09 0.0000
1.10 0.0000
1.11 0.0000
1.12 0.0000
1.13 0.0000
1.14 0.0000
1.15 0.0000
1.16 0.0000
1.17 0.0000
1.18 0.0000
1.19 0.0000
1.20 0.0000
1.21 0.0000
1.22 254.1776
1.23 254.1776
1.24 254.1776
1.25 254.1776
1.26 254.1776
1.27 255.0969
1.28 255.0969
1.29 256.0195
1.30 256.9454
1.31 258.8073
1.32 259.7434
1.33 262.5718
1.34 264.4745
1.35 265.4310
1.36 267.3544
1.37 270.2657
1.38 272.2242
1.39 274.1968
1.40 278.1851
1.41 283.2521
1.42 288.4115
1.43 289.4546
1.44 289.4546
1.45 289.4546
1.46 289.4546
1.47 288.4115
1.48 288.4115
1.49 288.4115
1.50 288.4115
1.51 288.4115
1.52 288.4115
1.53 288.4115
1.54 289.4546
1.55 289.4546
1.56 289.4546
1.57 290.5014
1.58 290.5014
1.59 290.5014
1.60 290.5014
1.61 290.5014
1.62 290.5014
1.63 290.5014
1.64 290.5014
1.65 290.5014
1.66 290.5014
1.67 290.5014
1.68 289.4546
1.69 289.4546
1.70 289.4546
1.71 288.4115
1.72 288.4115
1.73 288.4115
1.74 289.4546
1.75 290.5014
1.76 290.5014
1.77 290.5014
1.78 290.5014
1.79 290.5014
1.80 290.5014
1.81 290.5014
1.82 290.5014
1.83 290.5014
1.84 290.5014
1.85 290.5014
1.86 290.5014
1.87 290.5014
1.88 290.5014
1.89 290.5014
1.90 290.5014
1.91 290.5014
1.92 291.5521
1.93 291.5521
1.94 291.5521
1.95 291.5521
1.96 290.5014
1.97 290.5014
1.98 289.4546
1.99 289.4546
2.00 289.4546
2.01 288.4115
2.02 288.4115
2.03 288.4115
2.04 285.3047
2.05 283.2521
2.06 281.2143
2.07 281.2143
2.08 281.2143
2.09 282.2314
2.10 283.2521
2.11 287.3721
2.12 289.4546
2.13 289.4546
2.14 289.4546
2.15 289.4546
2.16 288.4115
2.17 286.3366
2.18 285.3047
2.19 285.3047
2.20 285.3047
2.21 285.3047
2.22 285.3047
2.23 285.3047
2.24 285.3047
2.25 285.3047
2.26 286.3366
2.27 286.3366
2.28 288.4115
2.29 289.4546
2.30 290.5014
2.31 291.5521
2.32 292.6065
2.33 292.6065
2.34 293.6648
2.35 294.7269
2.36 294.7269
2.37 294.7269
2.38 295.7928
2.39 297.9362
2.40 297.9362
2.41 299.0138
2.42 302.2698
2.43 303.3630
2.44 304.4602
2.45 307.7755
2.46 311.1270
2.47 317.9398
2.48 332.0162
2.49 332.0162
2.50 332.0162
2.51 332.0162
2.52 330.8197
2.53 328.4397
2.54 327.2561
2.55 324.9018
2.56 323.7309
2.57 319.0897
2.58 315.6524
2.59 311.1270
2.60 308.8886
2.61 303.3630
2.62 300.0952
2.63 291.5521
2.64 289.4546
2.65 286.3366
2.66 283.2521
2.67 282.2314
2.68 282.2314
2.69 282.2314
2.70 282.2314
2.71 283.2521
2.72 283.2521
2.73 283.2521
2.74 283.2521
2.75 283.2521
2.76 282.2314
2.77 281.2143
2.78 279.1912
2.79 0.0000
2.80 0.0000
2.81 0.0000
2.82 0.0000
2.83 0.0000
2.84 0.0000
2.85 0.0000
2.86 0.0000
2.87 0.0000
2.88 0.0000
2.89 254.1776
2.90 254.1776
2.91 254.1776
2.92 253.2616
2.93 252.3490
2.94 251.4396
2.95 251.4396
2.96 251.4396
2.97 251.4396
2.98 251.4396
2.99 251.4396
3.00 251.4396
3.01 251.4396
3.02 251.4396
3.03 251.4396
3.04 251.4396
3.05 250.5335
3.06 250.5335
3.07 250.5335
3.08 250.5335
3.09 250.5335
3.10 248.7311
3.11 248.7311
3.12 247.8348
3.13 246.9417
3.14 246.0518
3.15 244.2816
3.16 240.7794
3.17 239.0471
3.18 232.2419
3.19 220.0000
3.20 218.4173
3.21 217.6302
3.22 217.6302
3.23 217.6302
3.24 219.2072
3.25 219.2072
3.26 219.2072
3.27 219.2072
3.28 219.2072
3.29 219.2072
3.30 218.4173
3.31 218.4173
3.32 217.6302
3.33 217.6302
3.34 217.6302
3.35 217.6302
3.36 217.6302
3.37 217.6302
3.38 218.4173
3.39 218.4173
3.40 218.4173
3.41 218.4173
3.42 218.4173
3.43 219.2072
3.44 219.2072
3.45 219.2072
3.46 218.4173
3.47 218.4173
3.48 217.6302
3.49 217.6302
3.50 216.8459
3.51 216.0645
3.52 214.5100
3.53 213.7370
3.54 212.1993
3.55 0.0000
3.56 0.0000
3.57 0.0000
3.58 0.0000
3.59 217.6302
3.60 217.6302
3.61 217.6302
3.62 217.6302
3.63 217.6302
3.64 217.6302
3.65 217.6302
3.66 216.8459
3.67 216.8459
3.68 216.8459
3.69 216.0645
3.70 216.0645
3.71 215.2859
3.72 215.2859
3.73 215.2859
3.74 215.2859
3.75 215.2859
3.76 216.0645
3.77 216.8459
3.78 216.8459
3.79 217.6302
3.80 217.6302
3.81 217.6302
3.82 217.6302
3.83 217.6302
3.84 217.6302
3.85 217.6302
3.86 217.6302
3.87 217.6302
3.88 217.6302
3.89 217.6302
3.90 217.6302
3.91 217.6302
3.92 217.6302
3.93 217.6302
3.94 217.6302
3.95 218.4173
3.96 218.4173
3.97 218.4173
3.98 218.4173
3.99 217.6302
4.00 0.0000
4.01 0.0000
4.02 0.0000
4.03 0.0000
4.04 0.0000
4.05 0.0000
4.06 0.0000
4.07 0.0000
4.08 0.0000
4.09 0.0000
4.10 0.0000
4.11 0.0000
4.12 258.8073
4.13 259.7434
4.14 259.7434
4.15 259.7434
4.16 259.7434
4.17 259.7434
4.18 259.7434
4.19 261.6256
4.20 263.5214
4.21 270.2657
4.22 272.2242
4.23 272.2242
4.24 274.1968
4.25 278.1851
4.26 289.4546
4.27 294.7269
4.28 297.9362
4.29 297.9362
4.30 297.9362
4.31 297.9362
4.32 295.7928
4.33 293.6648
4.34 291.5521
4.35 291.5521
4.36 291.5521
4.37 291.5521
4.38 290.5014
4.39 290.5014
4.40 290.5014
4.41 290.5014
4.42 290.5014
4.43 291.5521
4.44 293.6648
4.45 296.8626
4.46 297.9362
4.47 299.0138
4.48 299.0138
4.49 299.0138
4.50 0.0000
4.51 0.0000
4.52 0.0000
4.53 0.0000
4.54 0.0000
4.55 0.0000
4.56 0.0000
4.57 0.0000
4.58 0.0000
4.59 0.0000
4.60 0.0000
4.61 0.0000
4.62 0.0000
4.63 0.0000
4.64 0.0000
4.65 0.0000
4.66 0.0000
4.67 0.0000
4.68 0.0000
4.69 0.0000
4.70 0.0000
4.71 0.0000
4.72 0.0000
4.73 0.0000
4.74 0.0000
4.75 0.0000
4.76 0.0000
4.77 0.0000
4.78 0.0000
4.79 0.0000
4.80 0.0000
4.81 0.0000
4.82 0.0000
4.83 0.0000
4.84 0.0000
4.85 0.0000
4.86 0.0000
4.87 0.0000
4.88 0.0000
4.89 0.0000
4.90 0.0000
4.91 0.0000
4.92 0.0000
4.93 0.0000
4.94 0.0000
4.95 0.0000
4.96 0.0000
4.97 0.0000
4.98 0.0000
4.99 0.0000
5.00 0.0000
5.01 0.0000
5.02 0.0000
5.03 0.0000
5.04 300.0952
5.05 300.0952
5.06 300.0952
5.07 300.0952
5.08 300.0952
5.09 300.0952
5.10 300.0952
5.11 300.0952
5.12 299.0138
5.13 297.9362
5.14 297.9362
5.15 297.9362
5.16 296.8626
5.17 296.8626
5.18 295.7928
5.19 294.7269
5.20 294.7269
5.21 294.7269
5.22 295.7928
5.23 295.7928
5.24 296.8626
5.25 296.8626
5.26 296.8626
5.27 296.8626
5.28 297.9362
5.29 297.9362
5.30 299.0138
5.31 303.3630
5.32 304.4602
5.33 316.7940
5.34 320.2437
5.35 332.0162
5.36 333.2170
5.37 333.2170
5.38 333.2170
5.39 333.2170
5.40 333.2170
5.41 332.0162
5.42 330.8197
5.43 330.8197
5.44 327.2561
5.45 323.7309
5.46 319.0897
5.47 314.5149
5.48 311.1270
5.49 311.1270
5.50 303.3630
5.51 300.0952
5.52 299.0138
5.53 297.9362
5.54 297.9362
5.55 295.7928
5.56 294.7269
5.57 293.6648
5.58 290.5014
5.59 289.4546
5.60 289.4546
5.61 289.4546
5.62 289.4546
5.63 289.4546
5.64 289.4546
5.65 289.4546
5.66 288.4115
5.67 279.1912
5.68 0.0000
5.69 0.0000
5.70 0.0000
5.71 0.0000
5.72 0.0000
5.73 0.0000
5.74 0.0000
5.75 0.0000
5.76 0.0000
5.77 256.9454
5.78 256.9454
5.79 256.9454
5.80 256.0195
5.81 254.1776
5.82 254.1776
5.83 254.1776
5.84 253.2616
5.85 253.2616
5.86 253.2616
5.87 253.2616
5.88 253.2616
5.89 253.2616
5.90 255.0969
5.91 255.0969
5.92 256.0195
5.93 256.0195
5.94 256.0195
5.95 256.0195
5.96 256.0195
5.97 255.0969
5.98 254.1776
5.99 254.1776
6.00 253.2616
6.01 248.7311
6.02 248.7311
6.03 0.0000
6.04 0.0000
6.05 0.0000
6.06 0.0000
6.07 0.0000
6.08 0.0000
6.09 0.0000
6.10 209.1571
6.11 211.4347
6.12 212.9668
6.13 213.7370
6.14 213.7370
6.15 213.7370
6.16 213.7370
6.17 212.9668
6.18 212.1993
6.19 212.1993
6.20 210.6727
6.21 210.6727
6.22 210.6727
6.23 210.6727
6.24 210.6727
6.25 211.4347
6.26 212.1993
6.27 213.7370
6.28 215.2859
6.29 215.2859
6.30 215.2859
6.31 213.7370
6.32 212.1993
6.33 211.4347
6.34 211.4347
6.35 209.9135
6.36 208.4034
6.37 208.4034
6.38 208.4034
6.39 208.4034
6.40 207.6523
6.41 207.6523
6.42 207.6523
6.43 0.0000
6.44 0.0000
6.45 0.0000
6.46 208.4034
6.47 209.1571
6.48 211.4347
6.49 211.4347
6.50 211.4347
6.51 211.4347
6.52 212.1993
6.53 212.1993
6.54 212.9668
6.55 212.9668
6.56 212.9668
6.57 212.9668
6.58 212.9668
6.59 212.9668
6.60 212.9668
6.61 212.9668
6.62 212.9668
6.63 213.7370
6.64 213.7370
6.65 213.7370
6.66 214.5100
6.67 214.5100
6.68 215.2859
6.69 215.2859
6.70 215.2859
6.71 215.2859
6.72 214.5100
6.73 214.5100
6.74 213.7370
6.75 213.7370
6.76 212.1993
6.77 212.1993
6.78 212.1993
6.79 212.1993
6.80 212.1993
6.81 212.1993
6.82 212.1993
6.83 214.5100
6.84 214.5100
6.85 215.2859
6.86 215.2859
6.87 216.0645
6.88 216.8459
6.89 216.8459
6.90 217.6302
6.91 217.6302
6.92 217.6302
6.93 0.0000
6.94 0.0000
6.95 0.0000
6.96 0.0000
6.97 0.0000
6.98 0.0000
6.99 0.0000
7.00 254.1776
7.01 256.0195
7.02 256.9454
7.03 258.8073
7.04 259.7434
7.05 259.7434
7.06 259.7434
7.07 259.7434
7.08 259.7434
7.09 258.8073
7.10 258.8073
7.11 0.0000
7.12 0.0000
7.13 0.0000
7.14 0.0000
7.15 0.0000
7.16 0.0000
7.17 297.9362
7.18 297.9362
7.19 297.9362
7.20 297.9362
7.21 297.9362
7.22 296.8626
7.23 294.7269
7.24 291.5521
7.25 290.5014
7.26 289.4546
7.27 289.4546
7.28 289.4546
7.29 290.5014
7.30 291.5521
7.31 292.6065
7.32 293.6648
7.33 295.7928
7.34 296.8626
7.35 297.9362
7.36 299.0138
7.37 299.0138
7.38 299.0138
7.39 299.0138
7.40 299.0138
7.41 299.0138
7.42 296.8626
7.43 294.7269
7.44 0.0000
7.45 0.0000
7.46 0.0000
7.47 0.0000
7.48 0.0000
7.49 0.0000
7.50 0.0000
7.51 0.0000
7.52 0.0000
7.53 0.0000
7.54 0.0000
7.55 0.0000
7.56 0.0000
7.57 0.0000
7.58 0.0000
7.59 0.0000
7.60 0.0000
7.61 0.0000
7.62 0.0000
7.63 0.0000
7.64 0.0000
7.65 0.0000
7.66 0.0000
7.67 0.0000
7.68 0.0000
7.69 0.0000
7.70 0.0000
7.71 0.0000
7.72 0.0000
7.73 0.0000
7.74 0.0000
7.75 0.0000
7.76 0.0000
7.77 0.0000
7.78 0.0000
7.79 0.0000
7.80 0.0000
7.81 0.0000
7.82 0.0000
7.83 0.0000
7.84 0.0000
7.85 0.0000
7.86 0.0000
7.87 0.0000
7.88 0.0000
7.89 0.0000
7.90 0.0000
7.91 0.0000
7.92 0.0000
7.93 0.0000
7.94 0.0000
7.95 0.0000
7.96 0.0000
7.97 0.0000
7.98 0.0000
7.99 0.0000
8.00 0.0000
8.01 246.9417
8.02 246.9417
8.03 246.9417
8.04 246.9417
8.05 247.8348
8.06 247.8348
8.07 247.8348
8.08 248.7311
8.09 248.7311
8.10 248.7311
8.11 249.6307
8.12 250.5335
8.13 252.3490
8.14 253.2616
8.15 254.1776
8.16 254.1776
8.17 254.1776
8.18 254.1776
8.19 253.2616
8.20 253.2616
8.21 249.6307
8.22 247.8348
8.23 243.4013
8.24 239.9117
8.25 233.9249
8.26 233.9249
8.27 218.4173
8.28 212.1993
8.29 212.1993
8.30 212.1993
8.31 217.6302
8.32 219.2072
8.33 220.0000
8.34 220.7957
8.35 221.5942
8.36 221.5942
8.37 221.5942
8.38 221.5942
8.39 220.7957
8.40 220.0000
8.41 219.2072
8.42 218.4173
8.43 218.4173
8.44 217.6302
8.45 216.8459
8.46 216.8459
8.47 216.8459
8.48 216.8459
8.49 216.8459
8.50 216.8459
8.51 216.8459
8.52 216.8459
8.53 216.8459
8.54 216.8459
8.55 216.8459
8.56 216.8459
8.57 216.8459
8.58 216.8459
8.59 216.8459
8.60 216.8459
8.61 216.8459
8.62 216.8459
8.63 216.8459
8.64 217.6302
8.65 218.4173
8.66 219.2072
8.67 220.7957
8.68 220.7957
8.69 220.7957
8.70 220.0000
8.71 220.0000
8.72 219.2072
8.73 218.4173
8.74 217.6302
8.75 217.6302
8.76 217.6302
8.77 217.6302
8.78 217.6302
8.79 218.4173
8.80 219.2072
8.81 220.0000
8.82 220.7957
8.83 221.5942
8.84 222.3956
8.85 223.2000
8.86 224.8174
8.87 225.6305
8.88 226.4465
8.89 226.4465
8.90 226.4465
8.91 0.0000
8.92 0.0000
8.93 0.0000
8.94 0.0000
8.95 0.0000
8.96 0.0000
8.97 0.0000
8.98 0.0000
8.99 0.0000
9.00 0.0000
9.01 0.0000
9.02 0.0000
9.03 0.0000
9.04 0.0000
9.05 0.0000
9.06 0.0000
9.07 0.0000
9.08 0.0000
9.09 0.0000
9.10 0.0000
9.11 0.0000
9.12 0.0000
9.13 0.0000
9.14 0.0000
9.15 0.0000
9.16 0.0000
9.17 0.0000
9.18 0.0000
9.19 0.0000
9.20 0.0000
9.21 0.0000
9.22 0.0000
9.23 0.0000
9.24 0.0000
9.25 0.0000
9.26 0.0000
9.27 0.0000
9.28 0.0000
9.29 0.0000
9.30 0.0000
9.31 0.0000
9.32 0.0000
9.33 0.0000
9.34 0.0000
9.35 0.0000
9.36 0.0000
9.37 0.0000
9.38 0.0000
9.39 0.0000
9.40 0.0000
9.41 0.0000
9.42 0.0000
9.43 0.0000
9.44 0.0000
9.45 0.0000
9.46 216.8459
9.47 216.8459
9.48 216.8459
9.49 217.6302
9.50 217.6302
9.51 218.4173
9.52 219.2072
9.53 219.2072
9.54 219.2072
9.55 219.2072
9.56 219.2072
9.57 220.0000
9.58 220.0000
9.59 220.0000
9.60 220.0000
9.61 220.0000
9.62 220.0000
9.63 220.7957
9.64 220.7957
9.65 220.7957
9.66 220.7957
9.67 220.0000
9.68 220.0000
9.69 219.2072
9.70 218.4173
9.71 218.4173
9.72 218.4173
9.73 218.4173
9.74 218.4173
9.75 218.4173
9.76 218.4173
9.77 218.4173
9.78 218.4173
9.79 218.4173
9.80 219.2072
9.81 219.2072
9.82 220.0000
9.83 220.7957
9.84 220.7957
9.85 220.7957
9.86 0.0000
9.87 0.0000
9.88 0.0000
9.89 0.0000
9.90 0.0000
9.91 0.0000
9.92 0.0000
9.93 0.0000
9.94 0.0000
9.95 0.0000
9.96 0.0000
9.97 0.0000
9.98 0.0000
9.99 0.0000
10.00 258.8073
10.01 258.8073
10.02 258.8073
10.03 258.8073
10.04 259.7434
10.05 260.6828
10.06 263.5214
10.07 266.3910
10.08 272.2242
10.09 274.1968
10.10 278.1851
10.11 282.2314
10.12 288.4115
10.13 291.5521
10.14 293.6648
10.15 294.7269
10.16 295.7928
10.17 295.7928
10.18 295.7928
10.19 295.7928
10.20 294.7269
10.21 294.7269
10.22 294.7269
10.23 294.7269
10.24 295.7928
10.25 296.8626
10.26 297.9362
10.27 300.0952
10.28 301.1805
10.29 301.1805
10.30 301.1805
10.31 301.1805
10.32 301.1805
10.33 300.0952
10.34 299.0138
10.35 297.9362
10.36 296.8626
10.37 295.7928
10.38 295.7928
10.39 295.7928
10.40 295.7928
10.41 295.7928
10.42 294.7269
10.43 294.7269
10.44 294.7269
10.45 296.8626
10.46 296.8626
10.47 296.8626
10.48 296.8626
10.49 295.7928
10.50 294.7269
10.51 293.6648
10.52 293.6648
10.53 292.6065
10.54 292.6065
10.55 292.6065
10.56 292.6065
10.57 291.5521
10.58 291.5521
10.59 291.5521
10.60 291.5521
10.61 290.5014
10.62 290.5014
10.63 290.5014
10.64 290.5014
10.65 291.5521
10.66 291.5521
10.67 292.6065
10.68 293.6648
10.69 293.6648
10.70 294.7269
10.71 294.7269
10.72 294.7269
10.73 293.6648
10.74 291.5521
10.75 291.5521
10.76 289.4546
10.77 287.3721
10.78 0.0000
10.79 0.0000
10.80 0.0000
10.81 0.0000
10.82 0.0000
10.83 0.0000
10.84 0.0000
10.85 0.0000
10.86 0.0000
10.87 0.0000
10.88 0.0000
10.89 0.0000
10.90 0.0000
10.91 0.0000
10.92 0.0000
10.93 289.4546
10.94 289.4546
10.95 289.4546
10.96 289.4546
10.97 289.4546
10.98 288.4115
10.99 288.4115
11.00 288.4115
11.01 288.4115
11.02 289.4546
11.03 289.4546
11.04 289.4546
11.05 289.4546
11.06 289.4546
11.07 289.4546
11.08 289.4546
11.09 289.4546
11.10 289.4546
11.11 289.4546
11.12 289.4546
11.13 289.4546
11.14 290.5014
11.15 290.5014
11.16 299.0138
11.17 300.0952
11.18 307.7755
11.19 311.1270
11.20 316.7940
11.21 320.2437
11.22 332.0162
11.23 332.0162
11.24 332.0162
11.25 332.0162
11.26 330.8197
11.27 329.6276
11.28 328.4397
11.29 327.2561
11.30 323.7309
11.31 320.2437
11.32 314.5149
11.33 311.1270
11.34 308.8886
11.35 303.3630
11.36 300.0952
11.37 287.3721
11.38 287.3721
11.39 287.3721
11.40 288.4115
11.41 290.5014
11.42 291.5521
11.43 292.6065
11.44 293.6648
11.45 293.6648
11.46 293.6648
11.47 290.5014
11.48 288.4115
11.49 283.2521
11.50 0.0000
11.51 0.0000
11.52 0.0000
11.53 0.0000
11.54 0.0000
11.55 0.0000
11.56 0.0000
11.57 0.0000
11.58 0.0000
11.59 0.0000
11.60 0.0000
11.61 0.0000
11.62 0.0000
11.63 259.7434
11.64 259.7434
11.65 259.7434
11.66 258.8073
11.67 257.8747
11.68 257.8747
11.69 257.8747
11.70 257.8747
11.71 257.8747
11.72 259.7434
11.73 262.5718
11.74 265.4310
11.75 266.3910
11.76 266.3910
11.77 266.3910
11.78 263.5214
11.79 262.5718
11.80 262.5718
11.81 260.6828
11.82 257.8747
11.83 253.2616
11.84 247.8348
11.85 240.7794
11.86 233.9249
11.87 226.4465
11.88 224.8174
11.89 224.8174
11.90 224.8174
11.91 224.8174
11.92 224.8174
11.93 224.8174
11.94 224.8174
11.95 222.3956
11.96 222.3956
11.97 221.5942
11.98 219.2072
11.99 217.6302
12.00 217.6302
12.01 217.6302
12.02 217.6302
12.03 217.6302
12.04 217.6302
12.05 217.6302
12.06 217.6302
12.07 217.6302
12.08 217.6302
12.09 218.4173
12.10 218.4173
12.11 218.4173
12.12 218.4173
12.13 218.4173
12.14 218.4173
12.15 217.6302
12.16 217.6302
12.17 217.6302
12.18 217.6302
12.19 217.6302
12.20 217.6302
12.21 217.6302
12.22 217.6302
12.23 217.6302
12.24 217.6302
12.25 217.6302
12.26 217.6302
12.27 217.6302
12.28 217.6302
12.29 217.6302
12.30 217.6302
12.31 218.4173
12.32 218.4173
12.33 218.4173
12.34 218.4173
12.35 218.4173
12.36 218.4173
12.37 217.6302
12.38 217.6302
12.39 217.6302
12.40 216.8459
12.41 216.8459
12.42 216.8459
12.43 217.6302
12.44 217.6302
12.45 217.6302
12.46 218.4173
12.47 218.4173
12.48 219.2072
12.49 219.2072
12.50 219.2072
12.51 219.2072
12.52 219.2072
12.53 219.2072
12.54 218.4173
12.55 217.6302
12.56 216.8459
12.57 216.0645
12.58 216.0645
12.59 216.0645
12.60 216.8459
12.61 216.8459
12.62 217.6302
12.63 218.4173
12.64 218.4173
12.65 218.4173
12.66 219.2072
12.67 219.2072
12.68 219.2072
12.69 218.4173
12.70 218.4173
12.71 218.4173
12.72 217.6302
12.73 0.0000
12.74 0.0000
12.75 0.0000
12.76 0.0000
12.77 0.0000
12.78 0.0000
12.79 0.0000
12.80 243.4013
12.81 244.2816
12.82 246.0518
12.83 248.7311
12.84 249.6307
12.85 252.3490
12.86 254.1776
12.87 255.0969
12.88 256.9454
12.89 260.6828
12.90 265.4310
12.91 267.3544
12.92 271.2432
12.93 273.2087
12.94 275.1885
12.95 278.1851
12.96 282.2314
12.97 283.2521
12.98 287.3721
12.99 288.4115
13.00 288.4115
13.01 288.4115
13.02 288.4115
13.03 288.4115
13.04 288.4115
13.05 288.4115
13.06 289.4546
13.07 290.5014
13.08 291.5521
13.09 291.5521
13.10 292.6065
13.11 293.6648
13.12 293.6648
13.13 294.7269
13.14 294.7269
13.15 294.7269
13.16 294.7269
13.17 293.6648
13.18 293.6648
13.19 292.6065
13.20 292.6065
13.21 292.6065
13.22 292.6065
13.23 292.6065
13.24 292.6065
13.25 293.6648
13.26 293.6648
13.27 294.7269
13.28 294.7269
13.29 294.7269
13.30 294.7269
13.31 294.7269
13.32 293.6648
13.33 293.6648
13.34 293.6648
13.35 292.6065
13.36 292.6065
13.37 292.6065
13.38 292.6065
13.39 292.6065
13.40 293.6648
13.41 294.7269
13.42 294.7269
13.43 294.7269
13.44 293.6648
13.45 292.6065
13.46 291.5521
13.47 291.5521
13.48 291.5521
13.49 291.5521
13.50 292.6065
13.51 294.7269
13.52 295.7928
13.53 295.7928
13.54 295.7928
13.55 294.7269
13.56 291.5521
13.57 290.5014
13.58 0.0000
13.59 0.0000
13.60 0.0000
13.61 0.0000
13.62 0.0000
13.63 0.0000
13.64 0.0000
13.65 0.0000
13.66 0.0000
13.67 0.0000
13.68 0.0000
13.69 0.0000
13.70 0.0000
13.71 259.7434
13.72 259.7434
13.73 259.7434
13.74 258.8073
13.75 258.8073
13.76 257.8747
13.77 257.8747
13.78 257.8747
13.79 257.8747
13.80 258.8073
13.81 259.7434
13.82 259.7434
13.83 260.6828
13.84 260.6828
13.85 260.6828
13.86 260.6828
13.87 260.6828
13.88 260.6828
13.89 260.6828
13.90 259.7434
13.91 258.8073
13.92 257.8747
13.93 254.1776
13.94 249.6307
13.95 234.7709
13.96 233.9249
13.97 232.2419
13.98 221.5942
13.99 218.4173
14.00 217.6302
14.01 212.1993
14.02 212.1993
14.03 212.1993
14.04 215.2859
14.05 217.6302
14.06 217.6302
14.07 217.6302
14.08 217.6302
14.09 216.8459
14.10 216.0645
14.11 214.5100
14.12 212.1993
14.13 209.9135
14.14 208.4034
14.15 207.6523
14.16 207.6523
14.17 207.6523
14.18 207.6523
14.19 207.6523
14.20 208.4034
14.21 211.4347
14.22 216.0645
14.23 217.6302
14.24 217.6302
14.25 217.6302
14.26 217.6302
14.27 216.8459
14.28 216.0645
14.29 214.5100
14.30 213.7370
14.31 213.7370
14.32 212.9668
14.33 212.1993
14.34 212.1993
14.35 212.1993
14.36 213.7370
14.37 215.2859
14.38 215.2859
14.39 215.2859
14.40 214.5100
14.41 213.7370
14.42 213.7370
14.43 212.9668
14.44 212.9668
14.45 212.9668
14.46 212.9668
14.47 214.5100
14.48 216.8459
14.49 217.6302
14.50 219.2072
14.51 220.7957
14.52 221.5942
14.53 222.3956
14.54 222.3956
14.55 222.3956
14.56 222.3956
14.57 0.0000
14.58 0.0000
14.59 0.0000
14.60 0.0000
14.61 0.0000
14.62 0.0000
14.63 0.0000
14.64 0.0000
14.65 0.0000
14.66 0.0000
14.67 0.0000
14.68 0.0000
14.69 0.0000
14.70 0.0000
14.71 0.0000
14.72 0.0000
14.73 0.0000
14.74 0.0000
14.75 0.0000
14.76 0.0000
14.77 0.0000
14.78 0.0000
14.79 0.0000
14.80 0.0000
14.81 0.0000
14.82 0.0000
14.83 0.0000
14.84 0.0000
14.85 0.0000
14.86 0.0000
14.87 0.0000
14.88 0.0000
14.89 0.0000
14.90 0.0000
14.91 0.0000
14.92 0.0000
14.93 0.0000
14.94 0.0000
14.95 0.0000
14.96 0.0000
14.97 0.0000
14.98 0.0000
14.99 0.0000
15.00 0.0000
15.01 0.0000
15.02 0.0000
15.03 0.0000
15.04 285.3047
15.05 285.3047
15.06 285.3047
15.07 285.3047
15.08 285.3047
15.09 285.3047
15.10 285.3047
15.11 286.3366
15.12 286.3366
15.13 286.3366
15.14 287.3721
15.15 288.4115
15.16 289.4546
15.17 289.4546
15.18 289.4546
15.19 288.4115
15.20 287.3721
15.21 287.3721
15.22 287.3721
15.23 287.3721
15.24 287.3721
15.25 287.3721
15.26 287.3721
15.27 287.3721
15.28 287.3721
15.29 287.3721
15.30 288.4115
15.31 288.4115
15.32 289.4546
15.33 289.4546
15.34 289.4546
15.35 289.4546
15.36 289.4546
15.37 288.4115
15.38 288.4115
15.39 287.3721
15.40 285.3047
15.41 284.2766
15.42 277.1826
15.43 273.2087
15.44 271.2432
15.45 262.5718
15.46 248.7311
15.47 245.1651
15.48 233.0819
15.49 219.2072
15.50 213.7370
15.51 213.7370
15.52 213.7370
15.53 216.8459
15.54 217.6302
15.55 219.2072
15.56 220.0000
15.57 220.0000
15.58 220.0000
15.59 219.2072
15.60 218.4173
15.61 218.4173
15.62 217.6302
15.63 216.8459
15.64 216.8459
15.65 214.5100
15.66 214.5100
15.67 214.5100
15.68 216.8459
15.69 217.6302
15.70 218.4173
15.71 219.2072
15.72 219.2072
15.73 219.2072
15.74 219.2072
15.75 219.2072
15.76 218.4173
15.77 217.6302
15.78 217.6302
15.79 217.6302
15.80 217.6302
15.81 217.6302
15.82 217.6302
15.83 217.6302
15.84 219.2072
15.85 220.7957
15.86 221.5942
15.87 221.5942
15.88 221.5942
15.89 0.0000
15.90 0.0000
15.91 0.0000
15.92 0.0000
15.93 0.0000
15.94 0.0000
15.95 0.0000
15.96 0.0000
15.97 0.0000
15.98 0.0000
15.99 0.0000
16.00 0.0000
16.01 0.0000
16.02 0.0000
16.03 0.0000
16.04 0.0000
16.05 0.0000
16.06 0.0000
16.07 0.0000
16.08 0.0000
16.09 0.0000
16.10 0.0000
16.11 0.0000
16.12 0.0000
16.13 0.0000
16.14 0.0000
16.15 0.0000
16.16 0.0000
16.17 0.0000
16.18 0.0000
16.19 0.0000
16.20 0.0000
16.21 0.0000
16.22 0.0000
16.23 0.0000
16.24 0.0000
16.25 0.0000
16.26 0.0000
16.27 0.0000
16.28 0.0000
16.29 0.0000
16.30 0.0000
16.31 0.0000
16.32 0.0000
16.33 0.0000
16.34 0.0000
16.35 0.0000
16.36 0.0000
16.37 0.0000
16.38 0.0000
16.39 0.0000
16.40 0.0000
16.41 280.2010
16.42 281.2143
16.43 281.2143
16.44 281.2143
16.45 282.2314
16.46 283.2521
16.47 284.2766
16.48 285.3047
16.49 285.3047
16.50 285.3047
16.51 285.3047
16.52 286.3366
16.53 287.3721
16.54 288.4115
16.55 289.4546
16.56 289.4546
16.57 289.4546
16.58 289.4546
16.59 289.4546
16.60 289.4546
16.61 289.4546
16.62 289.4546
16.63 289.4546
16.64 289.4546
16.65 290.5014
16.66 291.5521
16.67 292.6065
16.68 293.6648
16.69 293.6648
16.70 293.6648
16.71 292.6065
16.72 291.5521
16.73 290.5014
16.74 287.3721
16.75 285.3047
16.76 283.2521
16.77 283.2521
16.78 277.1826
16.79 274.1968
16.80 266.3910
16.81 259.7434
16.82 249.6307
16.83 245.1651
16.84 245.1651
16.85 233.9249
16.86 224.8174
16.87 222.3956
16.88 222.3956
16.89 222.3956
16.90 221.5942
16.91 220.7957
16.92 220.7957
16.93 220.0000
16.94 219.2072
16.95 218.4173
16.96 218.4173
16.97 218.4173
16.98 218.4173
16.99 218.4173
17.00 218.4173
17.01 217.6302
17.02 217.6302
17.03 216.8459
17.04 216.0645
17.05 214.5100
17.06 214.5100
17.07 214.5100
17.08 214.5100
17.09 215.2859
17.10 215.2859
17.11 215.2859
17.12 216.0645
17.13 216.8459
17.14 216.8459
17.15 217.6302
17.16 217.6302
17.17 217.6302
17.18 217.6302
17.19 217.6302
17.20 217.6302
17.21 217.6302
17.22 217.6302
17.23 217.6302
17.24 0.0000
17.25 0.0000
17.26 0.0000
17.27 0.0000
17.28 0.0000
17.29 0.0000
17.30 0.0000
17.31 0.0000
17.32 0.0000
17.33 0.0000
17.34 0.0000
17.35 0.0000
17.36 0.0000
17.37 0.0000
17.38 0.0000
17.39 0.0000
17.40 0.0000
17.41 0.0000
17.42 0.0000
17.43 0.0000
17.44 0.0000
17.45 0.0000
17.46 0.0000
17.47 0.0000
17.48 0.0000
17.49 0.0000
17.50 0.0000
17.51 0.0000
17.52 0.0000
17.53 0.0000
17.54 0.0000
17.55 0.0000
17.56 0.0000
17.57 0.0000
17.58 0.0000
17.59 0.0000
17.60 0.0000
17.61 0.0000
17.62 0.0000
17.63 0.0000
17.64 0.0000
17.65 0.0000
17.66 0.0000
17.67 0.0000
17.68 0.0000
17.69 0.0000
17.70 0.0000
17.71 0.0000
17.72 0.0000
17.73 0.0000
17.74 0.0000
17.75 0.0000
17.76 0.0000
17.77 0.0000
17.78 0.0000
17.79 0.0000
17.80 0.0000
17.81 0.0000
17.82 0.0000
17.83 0.0000
17.84 0.0000
17.85 0.0000
17.86 0.0000
17.87 0.0000
17.88 0.0000
17.89 0.0000
17.90 0.0000
17.91 0.0000
17.92 0.0000
17.93 0.0000
17.94 0.0000
17.95 0.0000
17.96 0.0000
17.97 0.0000
