0.00 0.0000
0.01 0.0000
0.02 0.0000
0.03 0.0000
0.04 0.0000
0.05 0.0000
0.06 0.0000
0.07 0.0000
0.08 0.0000
0.09 0.0000
0.10 0.0000
0.11 0.0000
0.12 0.0000
0.13 0.0000
0.14 0.0000
0.15 0.0000
0.16 0.0000
0.17 0.0000
0.18 0.0000
0.19 0.0000
0.20 0.0000
0.21 0.0000
0.22 0.0000
0.23 0.0000
0.24 0.0000
0.25 0.0000
0.26 0.0000
0.27 0.0000
0.28 0.0000
0.29 0.0000
0.30 0.0000
0.31 0.0000
0.32 0.0000
0.33 0.0000
0.34 0.0000
0.35 0.0000
0.36 0.0000
0.37 0.0000
0.38 0.0000
0.39 0.0000
0.40 0.0000
0.41 0.0000
0.42 0.0000
0.43 0.0000
0.44 0.0000
0.45 0.0000
0.46 0.0000
0.47 0.0000
0.48 0.0000
0.49 0.0000
0.50 0.0000
0.51 0.0000
0.52 0.0000
0.53 0.0000
0.54 0.0000
0.55 0.0000
0.56 0.0000
0.57 0.0000
0.58 0.0000
0.59 0.0000
0.60 0.0000
0.61 0.0000
0.62 0.0000
0.63 0.0000
0.64 0.0000
0.65 0.0000
0.66 0.0000
0.67 0.0000
0.68 0.0000
0.69 0.0000
0.70 0.0000
0.71 0.0000
0.72 0.0000
0.73 0.0000
0.74 0.0000
0.75 0.0000
0.76 0.0000
0.77 0.0000
0.78 0.0000
0.79 0.0000
0.80 0.0000
0.81 0.0000
0.82 0.0000
0.83 0.0000
0.84 0.0000
0.85 0.0000
0.86 0.0000
0.87 0.0000
0.88 0.0000
0.89 0.0000
0.90 0.0000
0.91 0.0000
0.92 0.0000
0.93 204.6753
0.94 205.4155
0.95 205.4155
0.96 205.4155
0.97 205.4155
0.98 205.4155
0.99 206.1584
1.00 206.9040
1.01 207.6523
1.02 208.4034
1.03 209.1571
1.04 209.1571
1.05 209.1571
1.06 209.1571
1.07 209.1571
1.08 209.1571
1.09 209.9135
1.10 211.4347
1.11 212.1993
1.12 213.7370
1.13 215.2859
1.14 216.0645
1.15 216.0645
1.16 216.0645
1.17 216.0645
1.18 214.5100
1.19 213.7370
1.20 213.7370
1.21 213.7370
1.22 214.5100
1.23 214.5100
1.24 214.5100
1.25 214.5100
1.26 215.2859
1.27 215.2859
1.28 215.2859
1.29 216.8459
1.30 216.8459
1.31 216.8459
1.32 0.0000
1.33 0.0000
1.34 0.0000
1.35 0.0000
1.36 0.0000
1.37 0.0000
1.38 0.0000
1.39 0.0000
1.40 0.0000
1.41 254.1776
1.42 254.1776
1.43 254.1776
1.44 254.1776
1.45 254.1776
1.46 255.0969
1.47 255.0969
1.48 256.0195
1.49 256.9454
1.50 257.8747
1.51 258.8073
1.52 260.6828
1.53 262.5718
1.54 265.4310
1.55 278.1851
1.56 282.2314
1.57 284.2766
1.58 289.4546
1.59 293.6648
1.60 294.7269
1.61 294.7269
1.62 294.7269
1.63 293.6648
1.64 292.6065
1.65 291.5521
1.66 290.5014
1.67 289.4546
1.68 289.4546
1.69 289.4546
1.70 289.4546
1.71 290.5014
1.72 292.6065
1.73 295.7928
1.74 297.9362
1.75 299.0138
1.76 299.0138
1.77 299.0138
1.78 297.9362
1.79 296.8626
1.80 295.7928
1.81 293.6648
1.82 293.6648
1.83 292.6065
1.84 291.5521
1.85 291.5521
1.86 291.5521
1.87 292.6065
1.88 293.6648
1.89 295.7928
1.90 295.7928
1.91 295.7928
1.92 295.7928
1.93 294.7269
1.94 293.6648
1.95 292.6065
1.96 291.5521
1.97 291.5521
1.98 291.5521
1.99 291.5521
2.00 291.5521
2.01 292.6065
2.02 292.6065
2.03 293.6648
2.04 293.6648
2.05 294.7269
2.06 295.7928
2.07 295.7928
2.08 296.8626
2.09 296.8626
2.10 296.8626
2.11 295.7928
2.12 293.6648
2.13 293.6648
2.14 291.5521
2.15 290.5014
2.16 290.5014
2.17 290.5014
2.18 290.5014
2.19 291.5521
2.20 293.6648
2.21 294.7269
2.22 294.7269
2.23 294.7269
2.24 294.7269
2.25 293.6648
2.26 293.6648
2.27 293.6648
2.28 292.6065
2.29 292.6065
2.30 292.6065
2.31 292.6065
2.32 292.6065
2.33 292.6065
2.34 292.6065
2.35 292.6065
2.36 292.6065
2.37 292.6065
2.38 293.6648
2.39 293.6648
2.40 295.7928
2.41 296.8626
2.42 297.9362
2.43 299.0138
2.44 299.0138
2.45 299.0138
2.46 299.0138
2.47 299.0138
2.48 299.0138
2.49 300.0952
2.50 303.3630
2.51 305.5613
2.52 311.1270
2.53 316.7940
2.54 320.2437
2.55 329.6276
2.56 329.6276
2.57 329.6276
2.58 329.6276
2.59 329.6276
2.60 327.2561
2.61 324.9018
2.62 322.5643
2.63 319.0897
2.64 314.5149
2.65 310.0058
2.66 305.5613
2.67 300.0952
2.68 299.0138
2.69 294.7269
2.70 293.6648
2.71 292.6065
2.72 291.5521
2.73 291.5521
2.74 290.5014
2.75 289.4546
2.76 289.4546
2.77 289.4546
2.78 289.4546
2.79 289.4546
2.80 289.4546
2.81 289.4546
2.82 289.4546
2.83 289.4546
2.84 289.4546
2.85 288.4115
2.86 288.4115
2.87 288.4115
2.88 0.0000
2.89 0.0000
2.90 0.0000
2.91 0.0000
2.92 0.0000
2.93 0.0000
2.94 0.0000
2.95 0.0000
2.96 0.0000
2.97 261.6256
2.98 261.6256
2.99 261.6256
3.00 261.6256
3.01 261.6256
3.02 260.6828
3.03 260.6828
3.04 259.7434
3.05 259.7434
3.06 259.7434
3.07 259.7434
3.08 259.7434
3.09 259.7434
3.10 260.6828
3.11 260.6828
3.12 260.6828
3.13 260.6828
3.14 260.6828
3.15 260.6828
3.16 259.7434
3.17 257.8747
3.18 253.2616
3.19 248.7311
3.20 243.4013
3.21 233.9249
3.22 231.4050
3.23 218.4173
3.24 212.1993
3.25 211.4347
3.26 211.4347
3.27 211.4347
3.28 212.1993
3.29 215.2859
3.30 216.0645
3.31 216.0645
3.32 216.0645
3.33 216.0645
3.34 216.0645
3.35 216.0645
3.36 216.8459
3.37 216.8459
3.38 217.6302
3.39 217.6302
3.40 217.6302
3.41 218.4173
3.42 219.2072
3.43 219.2072
3.44 219.2072
3.45 219.2072
3.46 218.4173
3.47 218.4173
3.48 217.6302
3.49 216.0645
3.50 213.7370
3.51 212.1993
3.52 212.1993
3.53 212.1993
3.54 212.1993
3.55 212.1993
3.56 212.1993
3.57 212.1993
3.58 212.9668
3.59 212.9668
3.60 212.9668
3.61 213.7370
3.62 213.7370
3.63 217.6302
3.64 221.5942
3.65 222.3956
3.66 222.3956
3.67 222.3956
3.68 220.7957
3.69 220.0000
3.70 218.4173
3.71 217.6302
3.72 217.6302
3.73 217.6302
3.74 217.6302
3.75 217.6302
3.76 217.6302
3.77 217.6302
3.78 217.6302
3.79 217.6302
3.80 217.6302
3.81 217.6302
3.82 218.4173
3.83 218.4173
3.84 218.4173
3.85 218.4173
3.86 218.4173
3.87 218.4173
3.88 218.4173
3.89 218.4173
3.90 218.4173
3.91 218.4173
3.92 218.4173
3.93 218.4173
3.94 218.4173
3.95 218.4173
3.96 217.6302
3.97 217.6302
3.98 216.8459
3.99 216.8459
4.00 216.8459
4.01 217.6302
4.02 219.2072
4.03 225.6305
4.04 225.6305
4.05 225.6305
4.06 226.4465
4.07 226.4465
4.08 225.6305
4.09 225.6305
4.10 226.4465
4.11 227.2655
4.12 249.6307
4.13 259.7434
4.14 260.6828
4.15 261.6256
4.16 261.6256
4.17 261.6256
4.18 261.6256
4.19 260.6828
4.20 260.6828
4.21 260.6828
4.22 260.6828
4.23 260.6828
4.24 260.6828
4.25 262.5718
4.26 263.5214
4.27 270.2657
4.28 273.2087
4.29 277.1826
4.30 283.2521
4.31 289.4546
4.32 293.6648
4.33 293.6648
4.34 293.6648
4.35 293.6648
4.36 292.6065
4.37 291.5521
4.38 290.5014
4.39 289.4546
4.40 289.4546
4.41 289.4546
4.42 290.5014
4.43 292.6065
4.44 297.9362
4.45 300.0952
4.46 302.2698
4.47 302.2698
4.48 302.2698
4.49 301.1805
4.50 0.0000
4.51 0.0000
4.52 0.0000
4.53 0.0000
4.54 0.0000
4.55 0.0000
4.56 0.0000
4.57 0.0000
4.58 0.0000
4.59 0.0000
4.60 0.0000
4.61 0.0000
4.62 0.0000
4.63 0.0000
4.64 0.0000
4.65 0.0000
4.66 0.0000
4.67 0.0000
4.68 0.0000
4.69 0.0000
4.70 0.0000
4.71 0.0000
4.72 0.0000
4.73 0.0000
4.74 0.0000
4.75 0.0000
4.76 0.0000
4.77 0.0000
4.78 0.0000
4.79 0.0000
4.80 0.0000
4.81 0.0000
4.82 0.0000
4.83 0.0000
4.84 0.0000
4.85 0.0000
4.86 0.0000
4.87 0.0000
4.88 0.0000
4.89 0.0000
4.90 0.0000
4.91 0.0000
4.92 0.0000
4.93 0.0000
4.94 0.0000
4.95 0.0000
4.96 0.0000
4.97 0.0000
4.98 0.0000
4.99 0.0000
5.00 0.0000
5.01 0.0000
5.02 297.9362
5.03 297.9362
5.04 297.9362
5.05 295.7928
5.06 293.6648
5.07 293.6648
5.08 293.6648
5.09 293.6648
5.10 294.7269
5.11 294.7269
5.12 295.7928
5.13 295.7928
5.14 295.7928
5.15 294.7269
5.16 294.7269
5.17 293.6648
5.18 293.6648
5.19 293.6648
5.20 294.7269
5.21 295.7928
5.22 296.8626
5.23 297.9362
5.24 297.9362
5.25 299.0138
5.26 300.0952
5.27 305.5613
5.28 308.8886
5.29 311.1270
5.30 313.3815
5.31 317.9398
5.32 320.2437
5.33 335.6316
5.34 336.8455
5.35 336.8455
5.36 336.8455
5.37 335.6316
5.38 334.4221
5.39 332.0162
5.40 330.8197
5.41 327.2561
5.42 323.7309
5.43 319.0897
5.44 313.3815
5.45 308.8886
5.46 300.0952
5.47 297.9362
5.48 295.7928
5.49 293.6648
5.50 293.6648
5.51 293.6648
5.52 292.6065
5.53 292.6065
5.54 292.6065
5.55 292.6065
5.56 292.6065
5.57 292.6065
5.58 292.6065
5.59 292.6065
5.60 291.5521
5.61 290.5014
5.62 290.5014
5.63 288.4115
5.64 288.4115
5.65 0.0000
5.66 0.0000
5.67 0.0000
5.68 0.0000
5.69 0.0000
5.70 0.0000
5.71 266.3910
5.72 266.3910
5.73 266.3910
5.74 265.4310
5.75 262.5718
5.76 261.6256
5.77 260.6828
5.78 260.6828
5.79 259.7434
5.80 259.7434
5.81 259.7434
5.82 259.7434
5.83 259.7434
5.84 259.7434
5.85 259.7434
5.86 259.7434
5.87 259.7434
5.88 260.6828
5.89 260.6828
5.90 260.6828
5.91 260.6828
5.92 260.6828
5.93 259.7434
5.94 258.8073
5.95 257.8747
5.96 254.1776
5.97 248.7311
5.98 243.4013
5.99 239.9117
6.00 233.0819
6.01 219.2072
6.02 217.6302
6.03 213.7370
6.04 213.7370
6.05 213.7370
6.06 213.7370
6.07 213.7370
6.08 212.9668
6.09 212.9668
6.10 212.9668
6.11 212.9668
6.12 212.9668
6.13 213.7370
6.14 213.7370
6.15 214.5100
6.16 215.2859
6.17 215.2859
6.18 216.0645
6.19 216.0645
6.20 217.6302
6.21 217.6302
6.22 218.4173
6.23 218.4173
6.24 219.2072
6.25 219.2072
6.26 219.2072
6.27 219.2072
6.28 218.4173
6.29 217.6302
6.30 217.6302
6.31 216.8459
6.32 214.5100
6.33 212.9668
6.34 212.1993
6.35 211.4347
6.36 211.4347
6.37 211.4347
6.38 211.4347
6.39 212.1993
6.40 212.1993
6.41 212.9668
6.42 213.7370
6.43 217.6302
6.44 219.2072
6.45 219.2072
6.46 219.2072
6.47 218.4173
6.48 217.6302
6.49 217.6302
6.50 216.8459
6.51 216.0645
6.52 216.0645
6.53 216.0645
6.54 216.0645
6.55 216.8459
6.56 216.8459
6.57 217.6302
6.58 217.6302
6.59 218.4173
6.60 218.4173
6.61 219.2072
6.62 220.7957
6.63 220.7957
6.64 220.7957
6.65 220.7957
6.66 220.0000
6.67 218.4173
6.68 217.6302
6.69 216.0645
6.70 214.5100
6.71 214.5100
6.72 214.5100
6.73 214.5100
6.74 216.8459
6.75 217.6302
6.76 217.6302
6.77 217.6302
6.78 217.6302
6.79 217.6302
6.80 217.6302
6.81 217.6302
6.82 217.6302
6.83 0.0000
6.84 0.0000
6.85 0.0000
6.86 0.0000
6.87 0.0000
6.88 0.0000
6.89 0.0000
6.90 0.0000
6.91 0.0000
6.92 0.0000
6.93 0.0000
6.94 249.6307
6.95 250.5335
6.96 251.4396
6.97 252.3490
6.98 253.2616
6.99 253.2616
7.00 254.1776
7.01 254.1776
7.02 256.9454
7.03 259.7434
7.04 263.5214
7.05 266.3910
7.06 272.2242
7.07 277.1826
7.08 283.2521
7.09 289.4546
7.10 296.8626
7.11 297.9362
7.12 297.9362
7.13 297.9362
7.14 297.9362
7.15 296.8626
7.16 295.7928
7.17 294.7269
7.18 293.6648
7.19 293.6648
7.20 293.6648
7.21 294.7269
7.22 295.7928
7.23 296.8626
7.24 297.9362
7.25 297.9362
7.26 297.9362
7.27 297.9362
7.28 297.9362
7.29 296.8626
7.30 293.6648
7.31 291.5521
7.32 0.0000
7.33 0.0000
7.34 0.0000
7.35 0.0000
7.36 0.0000
7.37 0.0000
7.38 0.0000
7.39 0.0000
7.40 0.0000
7.41 0.0000
7.42 0.0000
7.43 0.0000
7.44 0.0000
7.45 0.0000
7.46 0.0000
7.47 0.0000
7.48 0.0000
7.49 0.0000
7.50 0.0000
7.51 0.0000
7.52 0.0000
7.53 0.0000
7.54 0.0000
7.55 0.0000
7.56 0.0000
7.57 0.0000
7.58 0.0000
7.59 0.0000
7.60 0.0000
7.61 0.0000
7.62 0.0000
7.63 0.0000
7.64 0.0000
7.65 0.0000
7.66 0.0000
7.67 0.0000
7.68 0.0000
7.69 0.0000
7.70 0.0000
7.71 0.0000
7.72 0.0000
7.73 0.0000
7.74 0.0000
7.75 270.2657
7.76 270.2657
7.77 270.2657
7.78 267.3544
7.79 266.3910
7.80 266.3910
7.81 265.4310
7.82 264.4745
7.83 264.4745
7.84 263.5214
7.85 263.5214
7.86 263.5214
7.87 263.5214
7.88 263.5214
7.89 263.5214
7.90 263.5214
7.91 263.5214
7.92 263.5214
7.93 263.5214
7.94 263.5214
7.95 263.5214
7.96 263.5214
7.97 262.5718
7.98 262.5718
7.99 261.6256
8.00 259.7434
8.01 254.1776
8.02 249.6307
8.03 244.2816
8.04 240.7794
8.05 233.9249
8.06 211.4347
8.07 211.4347
8.08 210.6727
8.09 210.6727
8.10 210.6727
8.11 210.6727
8.12 211.4347
8.13 211.4347
8.14 211.4347
8.15 211.4347
8.16 211.4347
8.17 211.4347
8.18 212.1993
8.19 212.9668
8.20 213.7370
8.21 214.5100
8.22 216.0645
8.23 216.8459
8.24 216.8459
8.25 216.8459
8.26 216.8459
8.27 216.8459
8.28 217.6302
8.29 217.6302
8.30 217.6302
8.31 217.6302
8.32 217.6302
8.33 217.6302
8.34 217.6302
8.35 217.6302
8.36 217.6302
8.37 217.6302
8.38 217.6302
8.39 217.6302
8.40 218.4173
8.41 220.0000
8.42 220.7957
8.43 221.5942
8.44 221.5942
8.45 221.5942
8.46 221.5942
8.47 221.5942
8.48 220.7957
8.49 220.0000
8.50 219.2072
8.51 218.4173
8.52 217.6302
8.53 217.6302
8.54 217.6302
8.55 217.6302
8.56 217.6302
8.57 218.4173
8.58 218.4173
8.59 219.2072
8.60 220.0000
8.61 220.7957
8.62 221.5942
8.63 222.3956
8.64 222.3956
8.65 222.3956
8.66 222.3956
8.67 222.3956
8.68 0.0000
8.69 0.0000
8.70 0.0000
8.71 0.0000
8.72 0.0000
8.73 0.0000
8.74 0.0000
8.75 0.0000
8.76 0.0000
8.77 0.0000
8.78 0.0000
8.79 0.0000
8.80 0.0000
8.81 0.0000
8.82 0.0000
8.83 0.0000
8.84 0.0000
8.85 0.0000
8.86 0.0000
8.87 0.0000
8.88 0.0000
8.89 0.0000
8.90 0.0000
8.91 0.0000
8.92 0.0000
8.93 0.0000
8.94 0.0000
8.95 0.0000
8.96 0.0000
8.97 0.0000
8.98 0.0000
8.99 0.0000
9.00 0.0000
9.01 0.0000
9.02 0.0000
9.03 0.0000
9.04 0.0000
9.05 0.0000
9.06 0.0000
9.07 0.0000
9.08 0.0000
9.09 0.0000
9.10 0.0000
9.11 0.0000
9.12 0.0000
9.13 217.6302
9.14 218.4173
9.15 220.0000
9.16 220.7957
9.17 220.7957
9.18 221.5942
9.19 221.5942
9.20 221.5942
9.21 221.5942
9.22 221.5942
9.23 221.5942
9.24 220.7957
9.25 220.7957
9.26 220.7957
9.27 220.7957
9.28 220.7957
9.29 220.7957
9.30 220.7957
9.31 220.7957
9.32 220.7957
9.33 220.7957
9.34 220.7957
9.35 220.7957
9.36 220.7957
9.37 220.0000
9.38 219.2072
9.39 219.2072
9.40 219.2072
9.41 219.2072
9.42 219.2072
9.43 219.2072
9.44 220.0000
9.45 220.0000
9.46 220.7957
9.47 220.7957
9.48 220.7957
9.49 220.7957
9.50 220.7957
9.51 220.7957
9.52 219.2072
9.53 0.0000
9.54 0.0000
9.55 0.0000
9.56 0.0000
9.57 0.0000
9.58 0.0000
9.59 0.0000
9.60 0.0000
9.61 249.6307
9.62 252.3490
9.63 254.1776
9.64 254.1776
9.65 255.0969
9.66 256.0195
9.67 256.9454
9.68 259.7434
9.69 261.6256
9.70 263.5214
9.71 266.3910
9.72 272.2242
9.73 274.1968
9.74 278.1851
9.75 283.2521
9.76 289.4546
9.77 295.7928
9.78 295.7928
9.79 295.7928
9.80 294.7269
9.81 293.6648
9.82 293.6648
9.83 293.6648
9.84 293.6648
9.85 293.6648
9.86 293.6648
9.87 293.6648
9.88 293.6648
9.89 294.7269
9.90 295.7928
9.91 296.8626
9.92 296.8626
9.93 297.9362
9.94 299.0138
9.95 299.0138
9.96 299.0138
9.97 299.0138
9.98 297.9362
9.99 294.7269
10.00 293.6648
10.01 292.6065
10.02 290.5014
10.03 290.5014
10.04 290.5014
10.05 290.5014
10.06 290.5014
10.07 291.5521
10.08 292.6065
10.09 293.6648
10.10 293.6648
10.11 293.6648
10.12 294.7269
10.13 295.7928
10.14 295.7928
10.15 295.7928
10.16 295.7928
10.17 294.7269
10.18 294.7269
10.19 294.7269
10.20 294.7269
10.21 295.7928
10.22 295.7928
10.23 296.8626
10.24 296.8626
10.25 297.9362
10.26 297.9362
10.27 297.9362
10.28 297.9362
10.29 297.9362
10.30 297.9362
10.31 296.8626
10.32 296.8626
10.33 296.8626
10.34 295.7928
10.35 295.7928
10.36 294.7269
10.37 293.6648
10.38 291.5521
10.39 290.5014
10.40 289.4546
10.41 289.4546
10.42 289.4546
10.43 290.5014
10.44 291.5521
10.45 293.6648
10.46 293.6648
10.47 293.6648
10.48 293.6648
10.49 293.6648
10.50 293.6648
10.51 293.6648
10.52 293.6648
10.53 293.6648
10.54 293.6648
10.55 293.6648
10.56 293.6648
10.57 295.7928
10.58 296.8626
10.59 296.8626
10.60 296.8626
10.61 295.7928
10.62 294.7269
10.63 294.7269
10.64 294.7269
10.65 294.7269
10.66 295.7928
10.67 296.8626
10.68 297.9362
10.69 299.0138
10.70 299.0138
10.71 299.0138
10.72 299.0138
10.73 299.0138
10.74 301.1805
10.75 305.5613
10.76 308.8886
10.77 314.5149
10.78 317.9398
10.79 320.2437
10.80 329.6276
10.81 330.8197
10.82 332.0162
10.83 332.0162
10.84 332.0162
10.85 329.6276
10.86 327.2561
10.87 323.7309
10.88 322.5643
10.89 319.0897
10.90 315.6524
10.91 313.3815
10.92 311.1270
10.93 310.0058
10.94 308.8886
10.95 300.0952
10.96 292.6065
10.97 291.5521
10.98 290.5014
10.99 289.4546
11.00 288.4115
11.01 288.4115
11.02 288.4115
11.03 290.5014
11.04 291.5521
11.05 291.5521
11.06 291.5521
11.07 291.5521
11.08 291.5521
11.09 290.5014
11.10 289.4546
11.11 288.4115
11.12 0.0000
11.13 0.0000
11.14 0.0000
11.15 0.0000
11.16 0.0000
11.17 0.0000
11.18 0.0000
11.19 266.3910
11.20 266.3910
11.21 266.3910
11.22 265.4310
11.23 261.6256
11.24 260.6828
11.25 259.7434
11.26 259.7434
11.27 259.7434
11.28 259.7434
11.29 259.7434
11.30 259.7434
11.31 259.7434
11.32 259.7434
11.33 259.7434
11.34 259.7434
11.35 259.7434
11.36 259.7434
11.37 259.7434
11.38 259.7434
11.39 259.7434
11.40 258.8073
11.41 258.8073
11.42 258.8073
11.43 254.1776
11.44 248.7311
11.45 244.2816
11.46 239.9117
11.47 224.8174
11.48 224.8174
11.49 224.8174
11.50 224.8174
11.51 224.8174
11.52 224.8174
11.53 224.8174
11.54 222.3956
11.55 221.5942
11.56 220.0000
11.57 218.4173
11.58 217.6302
11.59 217.6302
11.60 217.6302
11.61 217.6302
11.62 217.6302
11.63 217.6302
11.64 217.6302
11.65 218.4173
11.66 218.4173
11.67 219.2072
11.68 220.0000
11.69 220.0000
11.70 220.0000
11.71 219.2072
11.72 218.4173
11.73 218.4173
11.74 217.6302
11.75 217.6302
11.76 217.6302
11.77 216.8459
11.78 216.0645
11.79 215.2859
11.80 215.2859
11.81 215.2859
11.82 215.2859
11.83 216.0645
11.84 217.6302
11.85 218.4173
11.86 218.4173
11.87 218.4173
11.88 218.4173
11.89 217.6302
11.90 216.8459
11.91 216.0645
11.92 215.2859
11.93 214.5100
11.94 214.5100
11.95 214.5100
11.96 214.5100
11.97 215.2859
11.98 216.0645
11.99 216.8459
12.00 217.6302
12.01 217.6302
12.02 218.4173
12.03 219.2072
12.04 220.0000
12.05 220.7957
12.06 220.7957
12.07 220.7957
12.08 220.7957
12.09 218.4173
12.10 218.4173
12.11 218.4173
12.12 218.4173
12.13 217.6302
12.14 217.6302
12.15 217.6302
12.16 218.4173
12.17 218.4173
12.18 219.2072
12.19 219.2072
12.20 219.2072
12.21 219.2072
12.22 219.2072
12.23 219.2072
12.24 219.2072
12.25 220.0000
12.26 220.0000
12.27 220.0000
12.28 220.0000
12.29 0.0000
12.30 0.0000
12.31 0.0000
12.32 0.0000
12.33 0.0000
12.34 0.0000
12.35 0.0000
12.36 0.0000
12.37 0.0000
12.38 0.0000
12.39 0.0000
12.40 258.8073
12.41 259.7434
12.42 259.7434
12.43 259.7434
12.44 260.6828
12.45 260.6828
12.46 261.6256
12.47 262.5718
12.48 264.4745
12.49 265.4310
12.50 271.2432
12.51 273.2087
12.52 277.1826
12.53 278.1851
12.54 289.4546
12.55 292.6065
12.56 293.6648
12.57 293.6648
12.58 293.6648
12.59 293.6648
12.60 293.6648
12.61 293.6648
12.62 293.6648
12.63 293.6648
12.64 293.6648
12.65 293.6648
12.66 293.6648
12.67 293.6648
12.68 292.6065
12.69 292.6065
12.70 292.6065
12.71 293.6648
12.72 293.6648
12.73 293.6648
12.74 293.6648
12.75 291.5521
12.76 290.5014
12.77 289.4546
12.78 288.4115
12.79 288.4115
12.80 288.4115
12.81 289.4546
12.82 289.4546
12.83 290.5014
12.84 291.5521
12.85 291.5521
12.86 292.6065
12.87 293.6648
12.88 293.6648
12.89 293.6648
12.90 292.6065
12.91 291.5521
12.92 291.5521
12.93 291.5521
12.94 290.5014
12.95 290.5014
12.96 290.5014
12.97 291.5521
12.98 291.5521
12.99 291.5521
13.00 292.6065
13.01 293.6648
13.02 295.7928
13.03 295.7928
13.04 295.7928
13.05 294.7269
13.06 293.6648
13.07 291.5521
13.08 290.5014
13.09 290.5014
13.10 0.0000
13.11 0.0000
13.12 0.0000
13.13 0.0000
13.14 0.0000
13.15 0.0000
13.16 0.0000
13.17 0.0000
13.18 0.0000
13.19 0.0000
13.20 0.0000
13.21 0.0000
13.22 0.0000
13.23 0.0000
13.24 256.9454
13.25 256.9454
13.26 256.9454
13.27 256.9454
13.28 256.0195
13.29 256.0195
13.30 256.0195
13.31 256.9454
13.32 256.9454
13.33 258.8073
13.34 258.8073
13.35 258.8073
13.36 259.7434
13.37 259.7434
13.38 259.7434
13.39 259.7434
13.40 259.7434
13.41 259.7434
13.42 258.8073
13.43 257.8747
13.44 255.0969
13.45 248.7311
13.46 243.4013
13.47 239.9117
13.48 232.2419
13.49 219.2072
13.50 218.4173
13.51 212.1993
13.52 211.4347
13.53 209.9135
13.54 209.9135
13.55 209.9135
13.56 211.4347
13.57 211.4347
13.58 212.1993
13.59 212.9668
13.60 212.9668
13.61 213.7370
13.62 213.7370
13.63 213.7370
13.64 214.5100
13.65 214.5100
13.66 214.5100
13.67 215.2859
13.68 216.8459
13.69 217.6302
13.70 218.4173
13.71 219.2072
13.72 219.2072
13.73 219.2072
13.74 219.2072
13.75 218.4173
13.76 218.4173
13.77 218.4173
13.78 217.6302
13.79 217.6302
13.80 217.6302
13.81 217.6302
13.82 217.6302
13.83 217.6302
13.84 216.8459
13.85 216.8459
13.86 216.8459
13.87 216.8459
13.88 216.8459
13.89 216.8459
13.90 216.8459
13.91 216.0645
13.92 215.2859
13.93 214.5100
13.94 213.7370
13.95 213.7370
13.96 212.9668
13.97 212.1993
13.98 212.1993
13.99 212.1993
14.00 212.9668
14.01 214.5100
14.02 216.0645
14.03 217.6302
14.04 219.2072
14.05 220.0000
14.06 222.3956
14.07 222.3956
14.08 222.3956
14.09 222.3956
14.10 0.0000
14.11 0.0000
14.12 0.0000
14.13 0.0000
14.14 0.0000
14.15 0.0000
14.16 0.0000
14.17 0.0000
14.18 0.0000
14.19 0.0000
14.20 0.0000
14.21 0.0000
14.22 0.0000
14.23 0.0000
14.24 0.0000
14.25 0.0000
14.26 0.0000
14.27 0.0000
14.28 0.0000
14.29 0.0000
14.30 0.0000
14.31 0.0000
14.32 0.0000
14.33 0.0000
14.34 0.0000
14.35 0.0000
14.36 0.0000
14.37 0.0000
14.38 0.0000
14.39 0.0000
14.40 0.0000
14.41 0.0000
14.42 0.0000
14.43 0.0000
14.44 0.0000
14.45 0.0000
14.46 0.0000
14.47 0.0000
14.48 0.0000
14.49 0.0000
14.50 0.0000
14.51 0.0000
14.52 0.0000
14.53 0.0000
14.54 0.0000
14.55 0.0000
14.56 0.0000
14.57 0.0000
14.58 0.0000
14.59 0.0000
14.60 0.0000
14.61 0.0000
14.62 0.0000
14.63 287.3721
14.64 287.3721
14.65 287.3721
14.66 287.3721
14.67 287.3721
14.68 287.3721
14.69 287.3721
14.70 287.3721
14.71 287.3721
14.72 287.3721
14.73 288.4115
14.74 288.4115
14.75 288.4115
14.76 289.4546
14.77 289.4546
14.78 290.5014
14.79 290.5014
14.80 290.5014
14.81 290.5014
14.82 290.5014
14.83 290.5014
14.84 290.5014
14.85 290.5014
14.86 290.5014
14.87 291.5521
14.88 295.7928
14.89 295.7928
14.90 296.8626
14.91 296.8626
14.92 296.8626
14.93 295.7928
14.94 294.7269
14.95 293.6648
14.96 291.5521
14.97 290.5014
14.98 289.4546
14.99 289.4546
15.00 288.4115
15.01 284.2766
15.02 277.1826
15.03 266.3910
15.04 249.6307
15.05 245.1651
15.06 233.0819
15.07 226.4465
15.08 221.5942
15.09 219.2072
15.10 217.6302
15.11 215.2859
15.12 212.1993
15.13 212.1993
15.14 212.1993
15.15 214.5100
15.16 216.0645
15.17 216.8459
15.18 217.6302
15.19 217.6302
15.20 217.6302
15.21 217.6302
15.22 217.6302
15.23 217.6302
15.24 217.6302
15.25 217.6302
15.26 217.6302
15.27 217.6302
15.28 217.6302
15.29 217.6302
15.30 217.6302
15.31 216.8459
15.32 216.8459
15.33 215.2859
15.34 214.5100
15.35 213.7370
15.36 213.7370
15.37 212.9668
15.38 212.9668
15.39 212.9668
15.40 212.9668
15.41 214.5100
15.42 215.2859
15.43 216.8459
15.44 217.6302
15.45 219.2072
15.46 221.5942
15.47 222.3956
15.48 222.3956
15.49 222.3956
15.50 0.0000
15.51 0.0000
15.52 0.0000
15.53 0.0000
15.54 0.0000
15.55 0.0000
15.56 0.0000
15.57 0.0000
15.58 0.0000
15.59 0.0000
15.60 0.0000
15.61 0.0000
15.62 0.0000
15.63 0.0000
15.64 0.0000
15.65 0.0000
15.66 0.0000
15.67 0.0000
15.68 0.0000
15.69 0.0000
15.70 0.0000
15.71 0.0000
15.72 0.0000
15.73 0.0000
15.74 0.0000
15.75 0.0000
15.76 0.0000
15.77 0.0000
15.78 0.0000
15.79 0.0000
15.80 0.0000
15.81 0.0000
15.82 0.0000
15.83 0.0000
15.84 0.0000
15.85 0.0000
15.86 0.0000
15.87 0.0000
15.88 0.0000
15.89 0.0000
15.90 0.0000
15.91 0.0000
15.92 0.0000
15.93 0.0000
15.94 0.0000
15.95 0.0000
15.96 0.0000
15.97 0.0000
15.98 291.5521
15.99 291.5521
16.00 291.5521
16.01 291.5521
16.02 290.5014
16.03 290.5014
16.04 289.4546
16.05 289.4546
16.06 289.4546
16.07 289.4546
16.08 289.4546
16.09 289.4546
16.10 289.4546
16.11 290.5014
16.12 290.5014
16.13 291.5521
16.14 291.5521
16.15 292.6065
16.16 292.6065
16.17 292.6065
16.18 292.6065
16.19 292.6065
16.20 292.6065
16.21 292.6065
16.22 292.6065
16.23 293.6648
16.24 294.7269
16.25 295.7928
16.26 295.7928
16.27 296.8626
16.28 296.8626
16.29 296.8626
16.30 295.7928
16.31 294.7269
16.32 292.6065
16.33 290.5014
16.34 289.4546
16.35 288.4115
16.36 288.4115
16.37 276.1838
16.38 273.2087
16.39 266.3910
16.40 259.7434
16.41 248.7311
16.42 234.7709
16.43 221.5942
16.44 221.5942
16.45 221.5942
16.46 221.5942
16.47 221.5942
16.48 221.5942
16.49 220.7957
16.50 220.7957
16.51 220.0000
16.52 219.2072
16.53 218.4173
16.54 218.4173
16.55 217.6302
16.56 217.6302
16.57 217.6302
16.58 217.6302
16.59 218.4173
16.60 218.4173
16.61 219.2072
16.62 219.2072
16.63 219.2072
16.64 220.0000
16.65 220.0000
16.66 220.0000
16.67 220.0000
16.68 219.2072
16.69 219.2072
16.70 219.2072
16.71 218.4173
16.72 218.4173
16.73 218.4173
16.74 217.6302
16.75 217.6302
16.76 217.6302
16.77 218.4173
16.78 219.2072
16.79 220.0000
16.80 221.5942
16.81 222.3956
16.82 222.3956
16.83 222.3956
16.84 0.0000
16.85 0.0000
16.86 0.0000
16.87 0.0000
16.88 0.0000
16.89 0.0000
16.90 0.0000
16.91 0.0000
16.92 0.0000
16.93 0.0000
16.94 0.0000
16.95 0.0000
16.96 0.0000
16.97 0.0000
16.98 0.0000
16.99 0.0000
17.00 0.0000
17.01 0.0000
17.02 0.0000
17.03 0.0000
17.04 0.0000
17.05 0.0000
17.06 0.0000
17.07 0.0000
17.08 0.0000
17.09 0.0000
17.10 0.0000
17.11 0.0000
17.12 0.0000
17.13 0.0000
17.14 0.0000
17.15 0.0000
17.16 0.0000
17.17 0.0000
17.18 0.0000
17.19 0.0000
17.20 0.0000
17.21 0.0000
17.22 0.0000
17.23 0.0000
17.24 0.0000
17.25 0.0000
17.26 0.0000
17.27 0.0000
17.28 0.0000
17.29 0.0000
17.30 0.0000
17.31 0.0000
17.32 0.0000
17.33 0.0000
17.34 0.0000
17.35 0.0000
17.36 0.0000
17.37 0.0000
17.38 0.0000
17.39 0.0000
17.40 0.0000
17.41 0.0000
17.42 0.0000
17.43 0.0000
17.44 0.0000
17.45 0.0000
17.46 0.0000
17.47 0.0000
17.48 0.0000
17.49 0.0000
17.50 0.0000
17.51 0.0000
17.52 0.0000
17.53 0.0000
17.54 0.0000
17.55 0.0000
17.56 0.0000
17.57 0.0000
17.58 0.0000
17.59 0.0000
17.60 0.0000
17.61 0.0000
17.62 0.0000
17.63 0.0000
17.64 0.0000
17.65 0.0000
17.66 0.0000
