0.00 0.0000
0.01 0.0000
0.02 0.0000
0.03 0.0000
0.04 0.0000
0.05 0.0000
0.06 0.0000
0.07 0.0000
0.08 0.0000
0.09 0.0000
0.10 0.0000
0.11 0.0000
0.12 0.0000
0.13 0.0000
0.14 0.0000
0.15 0.0000
0.16 0.0000
0.17 0.0000
0.18 0.0000
0.19 0.0000
0.20 0.0000
0.21 0.0000
0.22 0.0000
0.23 0.0000
0.24 0.0000
0.25 0.0000
0.26 0.0000
0.27 0.0000
0.28 0.0000
0.29 0.0000
0.30 0.0000
0.31 0.0000
0.32 0.0000
0.33 0.0000
0.34 0.0000
0.35 0.0000
0.36 0.0000
0.37 0.0000
0.38 0.0000
0.39 0.0000
0.40 0.0000
0.41 0.0000
0.42 0.0000
0.43 0.0000
0.44 0.0000
0.45 0.0000
0.46 0.0000
0.47 0.0000
0.48 0.0000
0.49 0.0000
0.50 0.0000
0.51 0.0000
0.52 0.0000
0.53 0.0000
0.54 0.0000
0.55 0.0000
0.56 0.0000
0.57 0.0000
0.58 0.0000
0.59 0.0000
0.60 0.0000
0.61 0.0000
0.62 0.0000
0.63 0.0000
0.64 0.0000
0.65 0.0000
0.66 0.0000
0.67 0.0000
0.68 0.0000
0.69 0.0000
0.70 0.0000
0.71 0.0000
0.72 0.0000
0.73 174.6141
0.74 175.2456
0.75 177.1539
0.76 177.7946
0.77 177.7946
0.78 177.7946
0.79 177.7946
0.80 177.1539
0.81 177.1539
0.82 177.1539
0.83 177.7946
0.84 178.4377
0.85 179.7307
0.86 180.3807
0.87 180.3807
0.88 181.0331
0.89 181.0331
0.90 181.6878
0.91 182.3449
0.92 182.3449
0.93 183.0044
0.94 183.0044
0.95 183.0044
0.96 183.0044
0.97 183.0044
0.98 183.0044
0.99 183.0044
1.00 181.6878
1.01 181.6878
1.02 181.0331
1.03 181.0331
1.04 181.0331
1.05 181.6878
1.06 182.3449
1.07 183.0044
1.08 183.0044
1.09 183.0044
1.10 183.6663
1.11 183.6663
1.12 184.3305
1.13 184.9972
1.14 184.9972
1.15 184.9972
1.16 184.9972
1.17 184.9972
1.18 0.0000
1.19 0.0000
1.20 0.0000
1.21 0.0000
1.22 0.0000
1.23 0.0000
1.24 0.0000
1.25 0.0000
1.26 217.6302
1.27 217.6302
1.28 218.4173
1.29 219.2072
1.30 220.0000
1.31 220.7957
1.32 220.7957
1.33 220.7957
1.34 221.5942
1.35 222.3956
1.36 222.3956
1.37 224.0072
1.38 224.8174
1.39 226.4465
1.40 228.9123
1.41 229.7402
1.42 231.4050
1.43 233.9249
1.44 235.6200
1.45 239.0471
1.46 240.7794
1.47 242.5242
1.48 246.0518
1.49 248.7311
1.50 248.7311
1.51 248.7311
1.52 248.7311
1.53 248.7311
1.54 247.8348
1.55 246.9417
1.56 246.9417
1.57 246.9417
1.58 247.8348
1.59 247.8348
1.60 248.7311
1.61 249.6307
1.62 250.5335
1.63 251.4396
1.64 251.4396
1.65 251.4396
1.66 251.4396
1.67 251.4396
1.68 250.5335
1.69 249.6307
1.70 249.6307
1.71 248.7311
1.72 247.8348
1.73 246.9417
1.74 246.9417
1.75 246.9417
1.76 246.9417
1.77 246.9417
1.78 247.8348
1.79 248.7311
1.80 249.6307
1.81 249.6307
1.82 250.5335
1.83 250.5335
1.84 250.5335
1.85 250.5335
1.86 249.6307
1.87 249.6307
1.88 249.6307
1.89 248.7311
1.90 247.8348
1.91 247.8348
1.92 246.9417
1.93 246.0518
1.94 246.0518
1.95 246.0518
1.96 246.0518
1.97 246.0518
1.98 246.9417
1.99 247.8348
2.00 248.7311
2.01 248.7311
2.02 249.6307
2.03 249.6307
2.04 250.5335
2.05 250.5335
2.06 250.5335
2.07 250.5335
2.08 249.6307
2.09 249.6307
2.10 249.6307
2.11 248.7311
2.12 247.8348
2.13 247.8348
2.14 247.8348
2.15 247.8348
2.16 247.8348
2.17 248.7311
2.18 249.6307
2.19 249.6307
2.20 250.5335
2.21 250.5335
2.22 251.4396
2.23 251.4396
2.24 252.3490
2.25 252.3490
2.26 252.3490
2.27 252.3490
2.28 252.3490
2.29 252.3490
2.30 252.3490
2.31 253.2616
2.32 253.2616
2.33 253.2616
2.34 254.1776
2.35 254.1776
2.36 254.1776
2.37 254.1776
2.38 254.1776
2.39 254.1776
2.40 254.1776
2.41 253.2616
2.42 253.2616
2.43 253.2616
2.44 253.2616
2.45 253.2616
2.46 254.1776
2.47 256.0195
2.48 260.6828
2.49 261.6256
2.50 264.4745
2.51 272.2242
2.52 276.1838
2.53 278.1851
2.54 278.1851
2.55 278.1851
2.56 278.1851
2.57 278.1851
2.58 278.1851
2.59 277.1826
2.60 277.1826
2.61 276.1838
2.62 276.1838
2.63 275.1885
2.64 273.2087
2.65 272.2242
2.66 270.2657
2.67 267.3544
2.68 265.4310
2.69 261.6256
2.70 258.8073
2.71 253.2616
2.72 250.5335
2.73 249.6307
2.74 248.7311
2.75 247.8348
2.76 246.0518
2.77 246.0518
2.78 245.1651
2.79 244.2816
2.80 244.2816
2.81 243.4013
2.82 243.4013
2.83 242.5242
2.84 242.5242
2.85 0.0000
2.86 0.0000
2.87 0.0000
2.88 0.0000
2.89 0.0000
2.90 0.0000
2.91 0.0000
2.92 0.0000
2.93 0.0000
2.94 0.0000
2.95 0.0000
2.96 0.0000
2.97 0.0000
2.98 214.5100
2.99 214.5100
3.00 214.5100
3.01 214.5100
3.02 214.5100
3.03 214.5100
3.04 215.2859
3.05 216.8459
3.06 216.8459
3.07 216.8459
3.08 217.6302
3.09 217.6302
3.10 217.6302
3.11 217.6302
3.12 217.6302
3.13 217.6302
3.14 217.6302
3.15 217.6302
3.16 216.8459
3.17 216.0645
3.18 214.5100
3.19 212.1993
3.20 209.1571
3.21 206.1584
3.22 201.0139
3.23 171.4905
3.24 171.4905
3.25 169.0319
3.26 169.0319
3.27 169.0319
3.28 169.0319
3.29 171.4905
3.30 171.4905
3.31 177.1539
3.32 177.7946
3.33 178.4377
3.34 178.4377
3.35 179.0830
3.36 179.0830
3.37 179.7307
3.38 179.7307
3.39 180.3807
3.40 180.3807
3.41 181.6878
3.42 182.3449
3.43 182.3449
3.44 183.0044
3.45 183.0044
3.46 183.0044
3.47 183.0044
3.48 183.0044
3.49 183.6663
3.50 184.3305
3.51 184.9972
3.52 184.9972
3.53 185.6663
3.54 185.6663
3.55 185.6663
3.56 184.9972
3.57 184.9972
3.58 184.9972
3.59 184.3305
3.60 183.6663
3.61 183.0044
3.62 182.3449
3.63 182.3449
3.64 181.6878
3.65 0.0000
3.66 0.0000
3.67 0.0000
3.68 0.0000
3.69 184.9972
3.70 185.6663
3.71 185.6663
3.72 185.6663
3.73 185.6663
3.74 185.6663
3.75 185.6663
3.76 185.6663
3.77 186.3378
3.78 186.3378
3.79 186.3378
3.80 187.0117
3.81 187.0117
3.82 187.0117
3.83 187.0117
3.84 186.3378
3.85 186.3378
3.86 186.3378
3.87 185.6663
3.88 184.9972
3.89 184.9972
3.90 184.3305
3.91 183.6663
3.92 183.6663
3.93 183.6663
3.94 184.3305
3.95 184.3305
3.96 184.9972
3.97 184.9972
3.98 184.9972
3.99 184.3305
4.00 184.3305
4.01 184.3305
4.02 183.6663
4.03 183.6663
4.04 183.6663
4.05 183.6663
4.06 184.3305
4.07 184.3305
4.08 184.9972
4.09 184.9972
4.10 185.6663
4.11 185.6663
4.12 185.6663
4.13 184.9972
4.14 184.9972
4.15 184.9972
4.16 0.0000
4.17 0.0000
4.18 0.0000
4.19 0.0000
4.20 0.0000
4.21 0.0000
4.22 0.0000
4.23 0.0000
4.24 0.0000
4.25 0.0000
4.26 0.0000
4.27 221.5942
4.28 221.5942
4.29 221.5942
4.30 221.5942
4.31 222.3956
4.32 222.3956
4.33 223.2000
4.34 225.6305
4.35 225.6305
4.36 226.4465
4.37 227.2655
4.38 228.9123
4.39 231.4050
4.40 233.9249
4.41 238.1857
4.42 240.7794
4.43 243.4013
4.44 248.7311
4.45 249.6307
4.46 250.5335
4.47 250.5335
4.48 251.4396
4.49 251.4396
4.50 251.4396
4.51 251.4396
4.52 251.4396
4.53 251.4396
4.54 251.4396
4.55 251.4396
4.56 250.5335
4.57 250.5335
4.58 250.5335
4.59 250.5335
4.60 251.4396
4.61 251.4396
4.62 252.3490
4.63 253.2616
4.64 253.2616
4.65 254.1776
4.66 254.1776
4.67 255.0969
4.68 255.0969
4.69 255.0969
4.70 0.0000
4.71 0.0000
4.72 0.0000
4.73 0.0000
4.74 0.0000
4.75 0.0000
4.76 0.0000
4.77 0.0000
4.78 0.0000
4.79 0.0000
4.80 0.0000
4.81 0.0000
4.82 0.0000
4.83 0.0000
4.84 0.0000
4.85 0.0000
4.86 0.0000
4.87 0.0000
4.88 0.0000
4.89 0.0000
4.90 0.0000
4.91 0.0000
4.92 0.0000
4.93 0.0000
4.94 0.0000
4.95 0.0000
4.96 0.0000
4.97 0.0000
4.98 0.0000
4.99 0.0000
5.00 0.0000
5.01 0.0000
5.02 0.0000
5.03 0.0000
5.04 0.0000
5.05 0.0000
5.06 0.0000
5.07 0.0000
5.08 0.0000
5.09 0.0000
5.10 0.0000
5.11 0.0000
5.12 0.0000
5.13 0.0000
5.14 0.0000
5.15 0.0000
5.16 0.0000
5.17 0.0000
5.18 245.1651
5.19 245.1651
5.20 245.1651
5.21 245.1651
5.22 245.1651
5.23 245.1651
5.24 245.1651
5.25 245.1651
5.26 245.1651
5.27 246.9417
5.28 246.9417
5.29 247.8348
5.30 247.8348
5.31 248.7311
5.32 248.7311
5.33 248.7311
5.34 249.6307
5.35 249.6307
5.36 250.5335
5.37 250.5335
5.38 251.4396
5.39 251.4396
5.40 251.4396
5.41 250.5335
5.42 250.5335
5.43 250.5335
5.44 250.5335
5.45 250.5335
5.46 250.5335
5.47 252.3490
5.48 254.1776
5.49 258.8073
5.50 261.6256
5.51 265.4310
5.52 271.2432
5.53 273.2087
5.54 275.1885
5.55 278.1851
5.56 280.2010
5.57 281.2143
5.58 281.2143
5.59 281.2143
5.60 281.2143
5.61 281.2143
5.62 279.1912
5.63 279.1912
5.64 279.1912
5.65 275.1885
5.66 273.2087
5.67 271.2432
5.68 266.3910
5.69 259.7434
5.70 255.0969
5.71 253.2616
5.72 248.7311
5.73 243.4013
5.74 243.4013
5.75 242.5242
5.76 242.5242
5.77 242.5242
5.78 242.5242
5.79 242.5242
5.80 243.4013
5.81 243.4013
5.82 243.4013
5.83 243.4013
5.84 242.5242
5.85 240.7794
5.86 240.7794
5.87 0.0000
5.88 0.0000
5.89 0.0000
5.90 0.0000
5.91 0.0000
5.92 0.0000
5.93 0.0000
5.94 0.0000
5.95 0.0000
5.96 215.2859
5.97 215.2859
5.98 215.2859
5.99 213.7370
6.00 213.7370
6.01 213.7370
6.02 213.7370
6.03 213.7370
6.04 213.7370
6.05 213.7370
6.06 214.5100
6.07 216.0645
6.08 216.8459
6.09 216.8459
6.10 217.6302
6.11 217.6302
6.12 217.6302
6.13 217.6302
6.14 217.6302
6.15 217.6302
6.16 217.6302
6.17 217.6302
6.18 216.8459
6.19 216.0645
6.20 209.9135
6.21 209.1571
6.22 209.1571
6.23 207.6523
6.24 201.0139
6.25 201.0139
6.26 197.4180
6.27 193.1877
6.28 191.1067
6.29 189.7318
6.30 181.6878
6.31 179.7307
6.32 179.7307
6.33 179.7307
6.34 179.7307
6.35 180.3807
6.36 181.0331
6.37 181.6878
6.38 181.6878
6.39 181.6878
6.40 181.6878
6.41 181.0331
6.42 181.0331
6.43 181.0331
6.44 181.0331
6.45 181.0331
6.46 181.6878
6.47 181.6878
6.48 182.3449
6.49 182.3449
6.50 182.3449
6.51 181.6878
6.52 181.6878
6.53 181.6878
6.54 181.6878
6.55 181.6878
6.56 181.6878
6.57 181.6878
6.58 181.6878
6.59 181.6878
6.60 181.6878
6.61 181.6878
6.62 181.6878
6.63 182.3449
6.64 182.3449
6.65 182.3449
6.66 182.3449
6.67 183.0044
6.68 183.0044
6.69 183.0044
6.70 183.0044
6.71 182.3449
6.72 182.3449
6.73 181.6878
6.74 181.6878
6.75 181.6878
6.76 181.6878
6.77 181.6878
6.78 181.6878
6.79 182.3449
6.80 182.3449
6.81 182.3449
6.82 183.6663
6.83 183.6663
6.84 184.3305
6.85 184.9972
6.86 184.9972
6.87 184.9972
6.88 184.9972
6.89 185.6663
6.90 185.6663
6.91 185.6663
6.92 184.9972
6.93 184.9972
6.94 184.3305
6.95 183.6663
6.96 183.0044
6.97 183.0044
6.98 182.3449
6.99 182.3449
7.00 182.3449
7.01 183.0044
7.02 183.6663
7.03 184.3305
7.04 184.9972
7.05 185.6663
7.06 185.6663
7.07 185.6663
7.08 185.6663
7.09 184.9972
7.10 184.9972
7.11 184.3305
7.12 184.3305
7.13 0.0000
7.14 0.0000
7.15 0.0000
7.16 0.0000
7.17 0.0000
7.18 0.0000
7.19 0.0000
7.20 0.0000
7.21 0.0000
7.22 218.4173
7.23 218.4173
7.24 220.0000
7.25 221.5942
7.26 221.5942
7.27 222.3956
7.28 224.0072
7.29 225.6305
7.30 226.4465
7.31 229.7402
7.32 230.5711
7.33 233.0819
7.34 233.9249
7.35 237.3274
7.36 239.0471
7.37 241.6502
7.38 246.0518
7.39 248.7311
7.40 254.1776
7.41 256.0195
7.42 256.9454
7.43 256.9454
7.44 256.9454
7.45 256.9454
7.46 256.0195
7.47 255.0969
7.48 254.1776
7.49 253.2616
7.50 252.3490
7.51 252.3490
7.52 252.3490
7.53 251.4396
7.54 251.4396
7.55 251.4396
7.56 251.4396
7.57 251.4396
7.58 251.4396
7.59 251.4396
7.60 251.4396
7.61 251.4396
7.62 251.4396
7.63 251.4396
7.64 251.4396
7.65 251.4396
7.66 250.5335
7.67 0.0000
7.68 0.0000
7.69 0.0000
7.70 0.0000
7.71 0.0000
7.72 0.0000
7.73 0.0000
7.74 0.0000
7.75 0.0000
7.76 0.0000
7.77 0.0000
7.78 0.0000
7.79 0.0000
7.80 0.0000
7.81 0.0000
7.82 0.0000
7.83 0.0000
7.84 0.0000
7.85 0.0000
7.86 0.0000
7.87 0.0000
7.88 0.0000
7.89 0.0000
7.90 0.0000
7.91 0.0000
7.92 0.0000
7.93 0.0000
7.94 0.0000
7.95 0.0000
7.96 0.0000
7.97 0.0000
7.98 0.0000
7.99 0.0000
8.00 0.0000
8.01 0.0000
8.02 0.0000
8.03 0.0000
8.04 0.0000
8.05 0.0000
8.06 0.0000
8.07 0.0000
8.08 0.0000
8.09 0.0000
8.10 0.0000
8.11 0.0000
8.12 0.0000
8.13 0.0000
8.14 0.0000
8.15 0.0000
8.16 0.0000
8.17 222.3956
8.18 222.3956
8.19 223.2000
8.20 223.2000
8.21 223.2000
8.22 223.2000
8.23 222.3956
8.24 222.3956
8.25 222.3956
8.26 222.3956
8.27 222.3956
8.28 222.3956
8.29 222.3956
8.30 223.2000
8.31 223.2000
8.32 224.0072
8.33 224.8174
8.34 224.8174
8.35 224.8174
8.36 224.8174
8.37 222.3956
8.38 222.3956
8.39 221.5942
8.40 220.7957
8.41 218.4173
8.42 216.8459
8.43 211.4347
8.44 208.4034
8.45 201.0139
8.46 195.2914
8.47 189.7318
8.48 185.6663
8.49 184.9972
8.50 184.9972
8.51 184.9972
8.52 185.6663
8.53 186.3378
8.54 186.3378
8.55 187.0117
8.56 187.0117
8.57 187.0117
8.58 187.0117
8.59 187.0117
8.60 187.0117
8.61 187.0117
8.62 187.0117
8.63 187.0117
8.64 186.3378
8.65 186.3378
8.66 185.6663
8.67 185.6663
8.68 184.9972
8.69 184.9972
8.70 184.3305
8.71 184.3305
8.72 184.3305
8.73 184.3305
8.74 184.3305
8.75 183.6663
8.76 183.6663
8.77 183.6663
8.78 183.6663
8.79 183.6663
8.80 183.6663
8.81 183.6663
8.82 184.3305
8.83 184.9972
8.84 184.9972
8.85 185.6663
8.86 186.3378
8.87 186.3378
8.88 186.3378
8.89 185.6663
8.90 185.6663
8.91 184.9972
8.92 184.9972
8.93 184.9972
8.94 184.9972
8.95 184.9972
8.96 184.9972
8.97 184.9972
8.98 184.9972
8.99 0.0000
9.00 0.0000
9.01 0.0000
9.02 0.0000
9.03 0.0000
9.04 0.0000
9.05 0.0000
9.06 0.0000
9.07 0.0000
9.08 0.0000
9.09 0.0000
9.10 0.0000
9.11 0.0000
9.12 0.0000
9.13 0.0000
9.14 0.0000
9.15 0.0000
9.16 0.0000
9.17 0.0000
9.18 0.0000
9.19 0.0000
9.20 0.0000
9.21 0.0000
9.22 0.0000
9.23 0.0000
9.24 0.0000
9.25 0.0000
9.26 0.0000
9.27 0.0000
9.28 0.0000
9.29 0.0000
9.30 0.0000
9.31 0.0000
9.32 0.0000
9.33 0.0000
9.34 0.0000
9.35 0.0000
9.36 0.0000
9.37 0.0000
9.38 0.0000
9.39 0.0000
9.40 0.0000
9.41 0.0000
9.42 0.0000
9.43 0.0000
9.44 0.0000
9.45 0.0000
9.46 0.0000
9.47 0.0000
9.48 0.0000
9.49 0.0000
9.50 0.0000
9.51 0.0000
9.52 0.0000
9.53 0.0000
9.54 0.0000
9.55 0.0000
9.56 0.0000
9.57 0.0000
9.58 0.0000
9.59 0.0000
9.60 0.0000
9.61 187.6881
9.62 188.3669
9.63 189.0481
9.64 189.0481
9.65 189.0481
9.66 188.3669
9.67 187.6881
9.68 187.0117
9.69 186.3378
9.70 186.3378
9.71 186.3378
9.72 186.3378
9.73 186.3378
9.74 186.3378
9.75 186.3378
9.76 186.3378
9.77 186.3378
9.78 186.3378
9.79 186.3378
9.80 186.3378
9.81 186.3378
9.82 186.3378
9.83 187.0117
9.84 187.0117
9.85 187.0117
9.86 187.0117
9.87 186.3378
9.88 186.3378
9.89 185.6663
9.90 185.6663
9.91 185.6663
9.92 184.9972
9.93 184.9972
9.94 184.9972
9.95 184.9972
9.96 184.9972
9.97 184.9972
9.98 184.9972
9.99 184.9972
10.00 185.6663
10.01 185.6663
10.02 185.6663
10.03 0.0000
10.04 0.0000
10.05 0.0000
10.06 0.0000
10.07 0.0000
10.08 0.0000
10.09 0.0000
10.10 0.0000
10.11 0.0000
10.12 0.0000
10.13 0.0000
10.14 0.0000
10.15 217.6302
10.16 217.6302
10.17 217.6302
10.18 217.6302
10.19 218.4173
10.20 218.4173
10.21 218.4173
10.22 219.2072
10.23 220.7957
10.24 221.5942
10.25 221.5942
10.26 222.3956
10.27 222.3956
10.28 224.8174
10.29 228.0874
10.30 231.4050
10.31 234.7709
10.32 239.9117
10.33 242.5242
10.34 248.7311
10.35 249.6307
10.36 251.4396
10.37 251.4396
10.38 251.4396
10.39 251.4396
10.40 250.5335
10.41 249.6307
10.42 249.6307
10.43 249.6307
10.44 249.6307
10.45 249.6307
10.46 249.6307
10.47 249.6307
10.48 249.6307
10.49 249.6307
10.50 249.6307
10.51 250.5335
10.52 250.5335
10.53 250.5335
10.54 250.5335
10.55 250.5335
10.56 250.5335
10.57 250.5335
10.58 249.6307
10.59 249.6307
10.60 248.7311
10.61 247.8348
10.62 247.8348
10.63 247.8348
10.64 247.8348
10.65 248.7311
10.66 249.6307
10.67 249.6307
10.68 250.5335
10.69 250.5335
10.70 250.5335
10.71 250.5335
10.72 250.5335
10.73 250.5335
10.74 250.5335
10.75 250.5335
10.76 249.6307
10.77 249.6307
10.78 249.6307
10.79 249.6307
10.80 250.5335
10.81 250.5335
10.82 251.4396
10.83 251.4396
10.84 251.4396
10.85 251.4396
10.86 251.4396
10.87 251.4396
10.88 250.5335
10.89 250.5335
10.90 249.6307
10.91 248.7311
10.92 247.8348
10.93 247.8348
10.94 246.9417
10.95 246.9417
10.96 246.9417
10.97 246.9417
10.98 246.9417
10.99 246.9417
11.00 246.9417
11.01 247.8348
11.02 247.8348
11.03 248.7311
11.04 248.7311
11.05 249.6307
11.06 249.6307
11.07 249.6307
11.08 249.6307
11.09 249.6307
11.10 249.6307
11.11 249.6307
11.12 249.6307
11.13 249.6307
11.14 249.6307
11.15 249.6307
11.16 249.6307
11.17 250.5335
11.18 250.5335
11.19 251.4396
11.20 251.4396
11.21 251.4396
11.22 250.5335
11.23 250.5335
11.24 250.5335
11.25 250.5335
11.26 250.5335
11.27 250.5335
11.28 250.5335
11.29 250.5335
11.30 250.5335
11.31 250.5335
11.32 251.4396
11.33 252.3490
11.34 253.2616
11.35 254.1776
11.36 254.1776
11.37 258.8073
11.38 262.5718
11.39 265.4310
11.40 271.2432
11.41 273.2087
11.42 277.1826
11.43 277.1826
11.44 277.1826
11.45 277.1826
11.46 277.1826
11.47 276.1838
11.48 275.1885
11.49 274.1968
11.50 273.2087
11.51 272.2242
11.52 270.2657
11.53 266.3910
11.54 265.4310
11.55 262.5718
11.56 260.6828
11.57 255.0969
11.58 253.2616
11.59 252.3490
11.60 249.6307
11.61 248.7311
11.62 247.8348
11.63 247.8348
11.64 247.8348
11.65 247.8348
11.66 247.8348
11.67 247.8348
11.68 246.9417
11.69 246.9417
11.70 245.1651
11.71 243.4013
11.72 0.0000
11.73 0.0000
11.74 0.0000
11.75 0.0000
11.76 0.0000
11.77 0.0000
11.78 0.0000
11.79 0.0000
11.80 0.0000
11.81 0.0000
11.82 0.0000
11.83 0.0000
11.84 217.6302
11.85 217.6302
11.86 217.6302
11.87 217.6302
11.88 217.6302
11.89 217.6302
11.90 217.6302
11.91 217.6302
11.92 218.4173
11.93 219.2072
11.94 220.0000
11.95 220.7957
11.96 220.7957
11.97 220.7957
11.98 220.7957
11.99 220.7957
12.00 220.7957
12.01 220.7957
12.02 220.0000
12.03 219.2072
12.04 218.4173
12.05 217.6302
12.06 212.1993
12.07 208.4034
12.08 206.1584
12.09 183.0044
12.10 182.3449
12.11 181.6878
12.12 178.4377
12.13 178.4377
12.14 178.4377
12.15 179.0830
12.16 180.3807
12.17 181.6878
12.18 182.3449
12.19 183.0044
12.20 183.0044
12.21 183.6663
12.22 184.3305
12.23 184.9972
12.24 184.9972
12.25 184.9972
12.26 184.9972
12.27 184.3305
12.28 184.3305
12.29 183.6663
12.30 183.6663
12.31 183.6663
12.32 183.6663
12.33 183.6663
12.34 184.3305
12.35 184.3305
12.36 184.9972
12.37 184.9972
12.38 184.9972
12.39 184.9972
12.40 184.3305
12.41 184.3305
12.42 184.3305
12.43 184.3305
12.44 183.6663
12.45 183.6663
12.46 183.0044
12.47 183.0044
12.48 183.0044
12.49 183.0044
12.50 183.0044
12.51 183.0044
12.52 183.0044
12.53 183.0044
12.54 183.0044
12.55 183.0044
12.56 183.0044
12.57 183.0044
12.58 183.0044
12.59 183.6663
12.60 184.3305
12.61 184.3305
12.62 184.9972
12.63 184.9972
12.64 184.9972
12.65 184.3305
12.66 184.3305
12.67 184.3305
12.68 184.3305
12.69 184.3305
12.70 184.3305
12.71 184.9972
12.72 184.9972
12.73 184.9972
12.74 184.3305
12.75 184.3305
12.76 184.3305
12.77 183.6663
12.78 183.0044
12.79 183.0044
12.80 182.3449
12.81 182.3449
12.82 182.3449
12.83 182.3449
12.84 182.3449
12.85 182.3449
12.86 183.0044
12.87 183.0044
12.88 183.0044
12.89 183.0044
12.90 183.0044
12.91 183.0044
12.92 183.0044
12.93 183.0044
12.94 182.3449
12.95 181.6878
12.96 181.0331
12.97 0.0000
12.98 0.0000
12.99 0.0000
13.00 0.0000
13.01 0.0000
13.02 0.0000
13.03 0.0000
13.04 0.0000
13.05 209.1571
13.06 209.1571
13.07 209.1571
13.08 209.1571
13.09 209.1571
13.10 209.9135
13.11 210.6727
13.12 211.4347
13.13 211.4347
13.14 212.1993
13.15 212.9668
13.16 214.5100
13.17 216.8459
13.18 218.4173
13.19 220.7957
13.20 221.5942
13.21 224.8174
13.22 226.4465
13.23 230.5711
13.24 233.9249
13.25 240.7794
13.26 244.2816
13.27 247.8348
13.28 248.7311
13.29 248.7311
13.30 248.7311
13.31 247.8348
13.32 247.8348
13.33 246.9417
13.34 246.9417
13.35 246.9417
13.36 246.9417
13.37 246.9417
13.38 247.8348
13.39 247.8348
13.40 247.8348
13.41 247.8348
13.42 247.8348
13.43 246.9417
13.44 246.9417
13.45 246.9417
13.46 246.9417
13.47 246.0518
13.48 246.0518
13.49 246.0518
13.50 245.1651
13.51 245.1651
13.52 245.1651
13.53 244.2816
13.54 243.4013
13.55 243.4013
13.56 243.4013
13.57 243.4013
13.58 243.4013
13.59 243.4013
13.60 244.2816
13.61 245.1651
13.62 245.1651
13.63 246.0518
13.64 247.8348
13.65 247.8348
13.66 247.8348
13.67 247.8348
13.68 247.8348
13.69 247.8348
13.70 248.7311
13.71 248.7311
13.72 248.7311
13.73 248.7311
13.74 248.7311
13.75 248.7311
13.76 248.7311
13.77 248.7311
13.78 248.7311
13.79 248.7311
13.80 248.7311
13.81 248.7311
13.82 248.7311
13.83 248.7311
13.84 248.7311
13.85 247.8348
13.86 247.8348
13.87 246.9417
13.88 0.0000
13.89 0.0000
13.90 0.0000
13.91 0.0000
13.92 0.0000
13.93 0.0000
13.94 0.0000
13.95 0.0000
13.96 0.0000
13.97 0.0000
13.98 0.0000
13.99 0.0000
14.00 0.0000
14.01 221.5942
14.02 221.5942
14.03 221.5942
14.04 220.7957
14.05 220.7957
14.06 220.0000
14.07 218.4173
14.08 218.4173
14.09 218.4173
14.10 219.2072
14.11 220.0000
14.12 220.0000
14.13 220.7957
14.14 220.7957
14.15 220.7957
14.16 220.7957
14.17 220.0000
14.18 220.0000
14.19 219.2072
14.20 218.4173
14.21 217.6302
14.22 217.6302
14.23 216.0645
14.24 212.1993
14.25 209.1571
14.26 195.9977
14.27 195.2914
14.28 191.1067
14.29 184.9972
14.30 176.5155
14.31 175.8794
14.32 175.8794
14.33 175.8794
14.34 176.5155
14.35 177.7946
14.36 178.4377
14.37 179.7307
14.38 181.0331
14.39 181.6878
14.40 181.6878
14.41 181.6878
14.42 181.0331
14.43 181.0331
14.44 181.0331
14.45 181.0331
14.46 181.0331
14.47 181.0331
14.48 181.6878
14.49 181.6878
14.50 181.6878
14.51 181.6878
14.52 181.6878
14.53 181.6878
14.54 181.6878
14.55 181.6878
14.56 181.6878
14.57 180.3807
14.58 180.3807
14.59 180.3807
14.60 180.3807
14.61 180.3807
14.62 181.0331
14.63 181.6878
14.64 182.3449
14.65 182.3449
14.66 182.3449
14.67 182.3449
14.68 182.3449
14.69 183.6663
14.70 184.9972
14.71 184.9972
14.72 184.9972
14.73 184.9972
14.74 184.9972
14.75 184.3305
14.76 183.6663
14.77 183.6663
14.78 183.0044
14.79 182.3449
14.80 181.6878
14.81 181.6878
14.82 181.6878
14.83 181.6878
14.84 182.3449
14.85 183.0044
14.86 183.0044
14.87 184.3305
14.88 184.9972
14.89 185.6663
14.90 185.6663
14.91 185.6663
14.92 185.6663
14.93 0.0000
14.94 0.0000
14.95 0.0000
14.96 0.0000
14.97 0.0000
14.98 0.0000
14.99 0.0000
15.00 0.0000
15.01 0.0000
15.02 0.0000
15.03 0.0000
15.04 0.0000
15.05 0.0000
15.06 0.0000
15.07 0.0000
15.08 0.0000
15.09 0.0000
15.10 0.0000
15.11 0.0000
15.12 0.0000
15.13 0.0000
15.14 0.0000
15.15 0.0000
15.16 0.0000
15.17 0.0000
15.18 0.0000
15.19 0.0000
15.20 0.0000
15.21 0.0000
15.22 0.0000
15.23 0.0000
15.24 0.0000
15.25 0.0000
15.26 0.0000
15.27 0.0000
15.28 0.0000
15.29 0.0000
15.30 0.0000
15.31 0.0000
15.32 0.0000
15.33 0.0000
15.34 0.0000
15.35 0.0000
15.36 0.0000
15.37 0.0000
15.38 0.0000
15.39 0.0000
15.40 0.0000
15.41 0.0000
15.42 0.0000
15.43 0.0000
15.44 0.0000
15.45 0.0000
15.46 0.0000
15.47 0.0000
15.48 0.0000
15.49 0.0000
15.50 247.8348
15.51 247.8348
15.52 247.8348
15.53 247.8348
15.54 247.8348
15.55 246.9417
15.56 246.0518
15.57 245.1651
15.58 245.1651
15.59 245.1651
15.60 245.1651
15.61 246.0518
15.62 246.9417
15.63 247.8348
15.64 248.7311
15.65 250.5335
15.66 253.2616
15.67 253.2616
15.68 253.2616
15.69 253.2616
15.70 252.3490
15.71 251.4396
15.72 249.6307
15.73 248.7311
15.74 247.8348
15.75 246.0518
15.76 246.0518
15.77 245.1651
15.78 245.1651
15.79 245.1651
15.80 245.1651
15.81 246.0518
15.82 246.9417
15.83 247.8348
15.84 248.7311
15.85 248.7311
15.86 248.7311
15.87 247.8348
15.88 247.8348
15.89 246.9417
15.90 246.0518
15.91 244.2816
15.92 243.4013
15.93 240.7794
15.94 239.9117
15.95 233.9249
15.96 233.9249
15.97 0.0000
15.98 0.0000
15.99 0.0000
16.00 0.0000
16.01 0.0000
16.02 179.7307
16.03 179.7307
16.04 180.3807
16.05 181.6878
16.06 183.0044
16.07 185.6663
16.08 188.3669
16.09 189.0481
16.10 189.0481
16.11 189.0481
16.12 185.6663
16.13 184.9972
16.14 183.6663
16.15 183.6663
16.16 183.6663
16.17 183.6663
16.18 184.3305
16.19 184.9972
16.20 185.6663
16.21 187.0117
16.22 187.6881
16.23 187.6881
16.24 187.6881
16.25 186.3378
16.26 185.6663
16.27 184.9972
16.28 184.9972
16.29 184.9972
16.30 184.9972
16.31 184.9972
16.32 185.6663
16.33 186.3378
16.34 187.0117
16.35 187.0117
16.36 187.0117
16.37 187.0117
16.38 187.0117
16.39 186.3378
16.40 186.3378
16.41 185.6663
16.42 185.6663
16.43 0.0000
16.44 0.0000
16.45 0.0000
16.46 0.0000
16.47 0.0000
16.48 0.0000
16.49 0.0000
16.50 0.0000
16.51 0.0000
16.52 0.0000
16.53 0.0000
16.54 0.0000
16.55 0.0000
16.56 0.0000
16.57 0.0000
16.58 0.0000
16.59 0.0000
16.60 0.0000
16.61 0.0000
16.62 0.0000
16.63 0.0000
16.64 0.0000
16.65 0.0000
16.66 0.0000
16.67 0.0000
16.68 0.0000
16.69 0.0000
16.70 0.0000
16.71 0.0000
16.72 0.0000
16.73 0.0000
16.74 0.0000
16.75 0.0000
16.76 0.0000
16.77 0.0000
16.78 0.0000
16.79 0.0000
16.80 0.0000
16.81 0.0000
16.82 0.0000
16.83 0.0000
16.84 0.0000
16.85 0.0000
16.86 0.0000
16.87 0.0000
16.88 0.0000
16.89 0.0000
16.90 0.0000
16.91 0.0000
16.92 0.0000
16.93 0.0000
16.94 0.0000
16.95 0.0000
16.96 0.0000
16.97 0.0000
16.98 0.0000
16.99 249.6307
17.00 252.3490
17.01 252.3490
17.02 252.3490
17.03 252.3490
17.04 252.3490
17.05 251.4396
17.06 251.4396
17.07 251.4396
17.08 251.4396
17.09 250.5335
17.10 249.6307
17.11 249.6307
17.12 249.6307
17.13 250.5335
17.14 250.5335
17.15 250.5335
17.16 250.5335
17.17 250.5335
17.18 250.5335
17.19 250.5335
17.20 250.5335
17.21 249.6307
17.22 249.6307
17.23 248.7311
17.24 247.8348
17.25 246.0518
17.26 246.0518
17.27 246.0518
17.28 246.9417
17.29 248.7311
17.30 249.6307
17.31 250.5335
17.32 252.3490
17.33 252.3490
17.34 252.3490
17.35 252.3490
17.36 249.6307
17.37 249.6307
17.38 249.6307
17.39 248.7311
17.40 248.7311
17.41 247.8348
17.42 246.0518
17.43 243.4013
17.44 240.7794
17.45 234.7709
17.46 233.9249
17.47 218.4173
17.48 208.4034
17.49 195.2914
17.50 193.8864
17.51 189.7318
17.52 187.0117
17.53 187.0117
17.54 187.0117
17.55 189.0481
17.56 189.7318
17.57 189.7318
17.58 189.7318
17.59 189.0481
17.60 188.3669
17.61 185.6663
17.62 183.0044
17.63 182.3449
17.64 182.3449
17.65 182.3449
17.66 182.3449
17.67 184.9972
17.68 184.9972
17.69 184.9972
17.70 184.9972
17.71 184.9972
17.72 184.9972
17.73 184.9972
17.74 184.3305
17.75 184.3305
17.76 184.3305
17.77 184.9972
17.78 184.9972
17.79 186.3378
17.80 187.0117
17.81 188.3669
17.82 188.3669
17.83 188.3669
17.84 187.0117
17.85 187.0117
17.86 186.3378
17.87 186.3378
17.88 185.6663
17.89 185.6663
17.90 184.9972
17.91 184.9972
17.92 0.0000
17.93 0.0000
17.94 0.0000
17.95 0.0000
17.96 0.0000
17.97 0.0000
17.98 0.0000
17.99 0.0000
18.00 0.0000
18.01 0.0000
18.02 0.0000
18.03 0.0000
18.04 0.0000
18.05 0.0000
18.06 0.0000
18.07 0.0000
18.08 0.0000
18.09 0.0000
18.10 0.0000
18.11 0.0000
18.12 0.0000
18.13 0.0000
18.14 0.0000
18.15 0.0000
18.16 0.0000
18.17 0.0000
18.18 0.0000
18.19 0.0000
18.20 0.0000
18.21 0.0000
18.22 0.0000
18.23 0.0000
18.24 0.0000
18.25 0.0000
18.26 0.0000
18.27 0.0000
18.28 0.0000
18.29 0.0000
18.30 0.0000
18.31 0.0000
18.32 0.0000
18.33 0.0000
18.34 0.0000
18.35 0.0000
18.36 0.0000
18.37 0.0000
18.38 0.0000
18.39 0.0000
18.40 0.0000
18.41 0.0000
18.42 0.0000
18.43 0.0000
18.44 0.0000
18.45 0.0000
18.46 0.0000
18.47 0.0000
18.48 0.0000
18.49 0.0000
18.50 0.0000
18.51 0.0000
18.52 0.0000
18.53 0.0000
18.54 0.0000
18.55 0.0000
18.56 0.0000
18.57 0.0000
18.58 0.0000
18.59 0.0000
18.60 0.0000
18.61 0.0000
18.62 0.0000
18.63 0.0000
18.64 0.0000
18.65 0.0000
18.66 0.0000
18.67 0.0000
18.68 0.0000
18.69 0.0000
18.70 0.0000
18.71 0.0000
18.72 0.0000
18.73 0.0000
18.74 0.0000
18.75 0.0000
18.76 0.0000
18.77 0.0000
18.78 0.0000
18.79 0.0000
18.80 0.0000
18.81 0.0000
18.82 0.0000
18.83 0.0000
18.84 0.0000
18.85 0.0000
18.86 0.0000
18.87 0.0000
18.88 0.0000
18.89 0.0000
18.90 0.0000
