0.00 0.0000
0.01 0.0000
0.02 0.0000
0.03 0.0000
0.04 0.0000
0.05 0.0000
0.06 0.0000
0.07 0.0000
0.08 0.0000
0.09 0.0000
0.10 0.0000
0.11 0.0000
0.12 0.0000
0.13 0.0000
0.14 0.0000
0.15 0.0000
0.16 0.0000
0.17 0.0000
0.18 0.0000
0.19 0.0000
0.20 0.0000
0.21 0.0000
0.22 0.0000
0.23 0.0000
0.24 0.0000
0.25 0.0000
0.26 0.0000
0.27 0.0000
0.28 0.0000
0.29 0.0000
0.30 0.0000
0.31 0.0000
0.32 0.0000
0.33 0.0000
0.34 0.0000
0.35 0.0000
0.36 0.0000
0.37 0.0000
0.38 0.0000
0.39 0.0000
0.40 0.0000
0.41 0.0000
0.42 0.0000
0.43 0.0000
0.44 0.0000
0.45 0.0000
0.46 0.0000
0.47 0.0000
0.48 0.0000
0.49 0.0000
0.50 0.0000
0.51 0.0000
0.52 0.0000
0.53 0.0000
0.54 0.0000
0.55 0.0000
0.56 0.0000
0.57 0.0000
0.58 0.0000
0.59 0.0000
0.60 0.0000
0.61 0.0000
0.62 0.0000
0.63 0.0000
0.64 0.0000
0.65 0.0000
0.66 206.1584
0.67 206.1584
0.68 207.6523
0.69 208.4034
0.70 209.1571
0.71 209.1571
0.72 209.1571
0.73 209.1571
0.74 209.1571
0.75 209.1571
0.76 209.1571
0.77 209.1571
0.78 209.9135
0.79 209.9135
0.80 209.9135
0.81 211.4347
0.82 212.1993
0.83 213.7370
0.84 214.5100
0.85 214.5100
0.86 214.5100
0.87 212.1993
0.88 209.9135
0.89 209.9135
0.90 209.9135
0.91 210.6727
0.92 211.4347
0.93 213.7370
0.94 215.2859
0.95 215.2859
0.96 215.2859
0.97 215.2859
0.98 215.2859
0.99 214.5100
1.00 213.7370
1.01 213.7370
1.02 213.7370
1.03 213.7370
1.04 213.7370
1.05 213.7370
1.06 213.7370
1.07 214.5100
1.08 216.8459
1.09 217.6302
1.10 219.2072
1.11 219.2072
1.12 219.2072
1.13 221.5942
1.14 222.3956
1.15 249.6307
1.16 259.7434
1.17 261.6256
1.18 263.5214
1.19 264.4745
1.20 265.4310
1.21 265.4310
1.22 265.4310
1.23 265.4310
1.24 265.4310
1.25 266.3910
1.26 266.3910
1.27 266.3910
1.28 269.2918
1.29 270.2657
1.30 274.1968
1.31 277.1826
1.32 279.1912
1.33 283.2521
1.34 287.3721
1.35 289.4546
1.36 292.6065
1.37 294.7269
1.38 297.9362
1.39 299.0138
1.40 299.0138
1.41 299.0138
1.42 297.9362
1.43 296.8626
1.44 296.8626
1.45 295.7928
1.46 295.7928
1.47 295.7928
1.48 295.7928
1.49 294.7269
1.50 293.6648
1.51 293.6648
1.52 293.6648
1.53 293.6648
1.54 293.6648
1.55 296.8626
1.56 297.9362
1.57 297.9362
1.58 297.9362
1.59 296.8626
1.60 296.8626
1.61 295.7928
1.62 294.7269
1.63 294.7269
1.64 294.7269
1.65 294.7269
1.66 295.7928
1.67 295.7928
1.68 296.8626
1.69 296.8626
1.70 297.9362
1.71 297.9362
1.72 299.0138
1.73 300.0952
1.74 300.0952
1.75 300.0952
1.76 300.0952
1.77 299.0138
1.78 299.0138
1.79 299.0138
1.80 297.9362
1.81 297.9362
1.82 297.9362
1.83 296.8626
1.84 296.8626
1.85 296.8626
1.86 296.8626
1.87 296.8626
1.88 297.9362
1.89 297.9362
1.90 297.9362
1.91 297.9362
1.92 297.9362
1.93 297.9362
1.94 297.9362
1.95 295.7928
1.96 295.7928
1.97 294.7269
1.98 294.7269
1.99 294.7269
2.00 294.7269
2.01 294.7269
2.02 294.7269
2.03 295.7928
2.04 295.7928
2.05 295.7928
2.06 295.7928
2.07 295.7928
2.08 296.8626
2.09 296.8626
2.10 297.9362
2.11 299.0138
2.12 300.0952
2.13 300.0952
2.14 300.0952
2.15 299.0138
2.16 299.0138
2.17 297.9362
2.18 296.8626
2.19 296.8626
2.20 296.8626
2.21 296.8626
2.22 297.9362
2.23 299.0138
2.24 299.0138
2.25 299.0138
2.26 297.9362
2.27 296.8626
2.28 296.8626
2.29 296.8626
2.30 296.8626
2.31 296.8626
2.32 296.8626
2.33 299.0138
2.34 299.0138
2.35 300.0952
2.36 303.3630
2.37 305.5613
2.38 316.7940
2.39 319.0897
2.40 320.2437
2.41 330.8197
2.42 335.6316
2.43 336.8455
2.44 336.8455
2.45 336.8455
2.46 336.8455
2.47 335.6316
2.48 332.0162
2.49 332.0162
2.50 329.6276
2.51 328.4397
2.52 326.0768
2.53 323.7309
2.54 319.0897
2.55 314.5149
2.56 303.3630
2.57 300.0952
2.58 299.0138
2.59 299.0138
2.60 299.0138
2.61 299.0138
2.62 300.0952
2.63 300.0952
2.64 300.0952
2.65 299.0138
2.66 296.8626
2.67 293.6648
2.68 288.4115
2.69 0.0000
2.70 0.0000
2.71 0.0000
2.72 0.0000
2.73 0.0000
2.74 0.0000
2.75 0.0000
2.76 0.0000
2.77 0.0000
2.78 0.0000
2.79 0.0000
2.80 261.6256
2.81 261.6256
2.82 261.6256
2.83 260.6828
2.84 259.7434
2.85 259.7434
2.86 258.8073
2.87 257.8747
2.88 257.8747
2.89 257.8747
2.90 257.8747
2.91 257.8747
2.92 258.8073
2.93 258.8073
2.94 259.7434
2.95 259.7434
2.96 259.7434
2.97 259.7434
2.98 259.7434
2.99 259.7434
3.00 259.7434
3.01 258.8073
3.02 258.8073
3.03 256.0195
3.04 254.1776
3.05 248.7311
3.06 241.6502
3.07 232.2419
3.08 219.2072
3.09 217.6302
3.10 212.1993
3.11 212.1993
3.12 212.1993
3.13 212.9668
3.14 213.7370
3.15 213.7370
3.16 213.7370
3.17 213.7370
3.18 213.7370
3.19 213.7370
3.20 213.7370
3.21 213.7370
3.22 213.7370
3.23 214.5100
3.24 216.0645
3.25 216.8459
3.26 216.8459
3.27 217.6302
3.28 217.6302
3.29 217.6302
3.30 217.6302
3.31 217.6302
3.32 218.4173
3.33 218.4173
3.34 218.4173
3.35 218.4173
3.36 218.4173
3.37 218.4173
3.38 218.4173
3.39 217.6302
3.40 217.6302
3.41 216.8459
3.42 216.0645
3.43 215.2859
3.44 214.5100
3.45 214.5100
3.46 214.5100
3.47 214.5100
3.48 214.5100
3.49 214.5100
3.50 216.8459
3.51 218.4173
3.52 219.2072
3.53 219.2072
3.54 219.2072
3.55 218.4173
3.56 218.4173
3.57 218.4173
3.58 218.4173
3.59 219.2072
3.60 219.2072
3.61 219.2072
3.62 218.4173
3.63 218.4173
3.64 217.6302
3.65 216.8459
3.66 216.0645
3.67 215.2859
3.68 215.2859
3.69 215.2859
3.70 216.0645
3.71 216.8459
3.72 217.6302
3.73 217.6302
3.74 217.6302
3.75 216.8459
3.76 216.8459
3.77 216.8459
3.78 216.0645
3.79 216.0645
3.80 215.2859
3.81 214.5100
3.82 213.7370
3.83 213.7370
3.84 212.9668
3.85 212.9668
3.86 212.9668
3.87 213.7370
3.88 214.5100
3.89 216.8459
3.90 217.6302
3.91 218.4173
3.92 218.4173
3.93 218.4173
3.94 217.6302
3.95 0.0000
3.96 0.0000
3.97 0.0000
3.98 0.0000
3.99 0.0000
4.00 0.0000
4.01 0.0000
4.02 0.0000
4.03 252.3490
4.04 252.3490
4.05 252.3490
4.06 252.3490
4.07 252.3490
4.08 252.3490
4.09 253.2616
4.10 253.2616
4.11 254.1776
4.12 255.0969
4.13 257.8747
4.14 260.6828
4.15 262.5718
4.16 265.4310
4.17 270.2657
4.18 272.2242
4.19 278.1851
4.20 287.3721
4.21 290.5014
4.22 299.0138
4.23 299.0138
4.24 299.0138
4.25 297.9362
4.26 296.8626
4.27 295.7928
4.28 294.7269
4.29 293.6648
4.30 292.6065
4.31 291.5521
4.32 291.5521
4.33 291.5521
4.34 291.5521
4.35 292.6065
4.36 293.6648
4.37 295.7928
4.38 296.8626
4.39 297.9362
4.40 297.9362
4.41 297.9362
4.42 297.9362
4.43 294.7269
4.44 291.5521
4.45 0.0000
4.46 0.0000
4.47 0.0000
4.48 0.0000
4.49 0.0000
4.50 0.0000
4.51 0.0000
4.52 0.0000
4.53 0.0000
4.54 0.0000
4.55 0.0000
4.56 0.0000
4.57 0.0000
4.58 0.0000
4.59 0.0000
4.60 0.0000
4.61 0.0000
4.62 0.0000
4.63 0.0000
4.64 0.0000
4.65 0.0000
4.66 0.0000
4.67 0.0000
4.68 0.0000
4.69 0.0000
4.70 0.0000
4.71 0.0000
4.72 0.0000
4.73 0.0000
4.74 0.0000
4.75 0.0000
4.76 0.0000
4.77 0.0000
4.78 0.0000
4.79 0.0000
4.80 0.0000
4.81 0.0000
4.82 0.0000
4.83 0.0000
4.84 0.0000
4.85 0.0000
4.86 0.0000
4.87 0.0000
4.88 0.0000
4.89 0.0000
4.90 0.0000
4.91 0.0000
4.92 294.7269
4.93 294.7269
4.94 294.7269
4.95 292.6065
4.96 290.5014
4.97 289.4546
4.98 289.4546
4.99 289.4546
5.00 290.5014
5.01 291.5521
5.02 292.6065
5.03 292.6065
5.04 293.6648
5.05 293.6648
5.06 293.6648
5.07 293.6648
5.08 293.6648
5.09 293.6648
5.10 293.6648
5.11 293.6648
5.12 294.7269
5.13 296.8626
5.14 297.9362
5.15 299.0138
5.16 299.0138
5.17 299.0138
5.18 299.0138
5.19 301.1805
5.20 303.3630
5.21 304.4602
5.22 314.5149
5.23 319.0897
5.24 323.7309
5.25 334.4221
5.26 335.6316
5.27 335.6316
5.28 335.6316
5.29 334.4221
5.30 333.2170
5.31 330.8197
5.32 323.7309
5.33 320.2437
5.34 315.6524
5.35 306.6664
5.36 303.3630
5.37 300.0952
5.38 297.9362
5.39 296.8626
5.40 295.7928
5.41 294.7269
5.42 293.6648
5.43 292.6065
5.44 291.5521
5.45 290.5014
5.46 289.4546
5.47 289.4546
5.48 289.4546
5.49 289.4546
5.50 290.5014
5.51 290.5014
5.52 290.5014
5.53 290.5014
5.54 290.5014
5.55 290.5014
5.56 288.4115
5.57 0.0000
5.58 0.0000
5.59 0.0000
5.60 0.0000
5.61 0.0000
5.62 0.0000
5.63 260.6828
5.64 260.6828
5.65 260.6828
5.66 259.7434
5.67 259.7434
5.68 258.8073
5.69 256.9454
5.70 256.9454
5.71 256.9454
5.72 256.9454
5.73 256.9454
5.74 257.8747
5.75 258.8073
5.76 259.7434
5.77 259.7434
5.78 259.7434
5.79 259.7434
5.80 259.7434
5.81 259.7434
5.82 259.7434
5.83 258.8073
5.84 258.8073
5.85 256.9454
5.86 255.0969
5.87 254.1776
5.88 249.6307
5.89 237.3274
5.90 235.6200
5.91 233.9249
5.92 231.4050
5.93 224.8174
5.94 224.0072
5.95 223.2000
5.96 223.2000
5.97 223.2000
5.98 222.3956
5.99 222.3956
6.00 222.3956
6.01 221.5942
6.02 220.7957
6.03 220.0000
6.04 219.2072
6.05 218.4173
6.06 217.6302
6.07 217.6302
6.08 217.6302
6.09 217.6302
6.10 217.6302
6.11 217.6302
6.12 217.6302
6.13 218.4173
6.14 218.4173
6.15 218.4173
6.16 218.4173
6.17 218.4173
6.18 219.2072
6.19 219.2072
6.20 219.2072
6.21 219.2072
6.22 219.2072
6.23 217.6302
6.24 216.8459
6.25 216.0645
6.26 214.5100
6.27 213.7370
6.28 213.7370
6.29 213.7370
6.30 213.7370
6.31 213.7370
6.32 215.2859
6.33 217.6302
6.34 219.2072
6.35 219.2072
6.36 219.2072
6.37 219.2072
6.38 218.4173
6.39 217.6302
6.40 217.6302
6.41 217.6302
6.42 218.4173
6.43 218.4173
6.44 219.2072
6.45 219.2072
6.46 219.2072
6.47 219.2072
6.48 218.4173
6.49 217.6302
6.50 217.6302
6.51 216.8459
6.52 216.8459
6.53 216.8459
6.54 217.6302
6.55 217.6302
6.56 218.4173
6.57 218.4173
6.58 219.2072
6.59 219.2072
6.60 219.2072
6.61 219.2072
6.62 219.2072
6.63 219.2072
6.64 219.2072
6.65 219.2072
6.66 219.2072
6.67 218.4173
6.68 218.4173
6.69 218.4173
6.70 217.6302
6.71 217.6302
6.72 217.6302
6.73 217.6302
6.74 217.6302
6.75 217.6302
6.76 217.6302
6.77 0.0000
6.78 0.0000
6.79 0.0000
6.80 0.0000
6.81 0.0000
6.82 0.0000
6.83 0.0000
6.84 0.0000
6.85 256.9454
6.86 257.8747
6.87 257.8747
6.88 257.8747
6.89 257.8747
6.90 258.8073
6.91 258.8073
6.92 258.8073
6.93 259.7434
6.94 261.6256
6.95 264.4745
6.96 265.4310
6.97 270.2657
6.98 275.1885
6.99 279.1912
7.00 287.3721
7.01 292.6065
7.02 296.8626
7.03 304.4602
7.04 304.4602
7.05 304.4602
7.06 304.4602
7.07 303.3630
7.08 301.1805
7.09 300.0952
7.10 300.0952
7.11 300.0952
7.12 300.0952
7.13 301.1805
7.14 302.2698
7.15 303.3630
7.16 303.3630
7.17 304.4602
7.18 305.5613
7.19 305.5613
7.20 306.6664
7.21 306.6664
7.22 306.6664
7.23 306.6664
7.24 306.6664
7.25 305.5613
7.26 305.5613
7.27 303.3630
7.28 0.0000
7.29 0.0000
7.30 0.0000
7.31 0.0000
7.32 0.0000
7.33 0.0000
7.34 0.0000
7.35 0.0000
7.36 0.0000
7.37 0.0000
7.38 0.0000
7.39 0.0000
7.40 0.0000
7.41 0.0000
7.42 0.0000
7.43 0.0000
7.44 0.0000
7.45 0.0000
7.46 0.0000
7.47 0.0000
7.48 0.0000
7.49 0.0000
7.50 0.0000
7.51 0.0000
7.52 0.0000
7.53 0.0000
7.54 0.0000
7.55 0.0000
7.56 0.0000
7.57 0.0000
7.58 0.0000
7.59 0.0000
7.60 0.0000
7.61 0.0000
7.62 0.0000
7.63 0.0000
7.64 0.0000
7.65 0.0000
7.66 0.0000
7.67 0.0000
7.68 0.0000
7.69 0.0000
7.70 0.0000
7.71 260.6828
7.72 260.6828
7.73 260.6828
7.74 259.7434
7.75 258.8073
7.76 258.8073
7.77 258.8073
7.78 258.8073
7.79 258.8073
7.80 258.8073
7.81 258.8073
7.82 259.7434
7.83 259.7434
7.84 260.6828
7.85 260.6828
7.86 261.6256
7.87 261.6256
7.88 261.6256
7.89 261.6256
7.90 261.6256
7.91 260.6828
7.92 259.7434
7.93 255.0969
7.94 248.7311
7.95 240.7794
7.96 233.0819
7.97 231.4050
7.98 219.2072
7.99 217.6302
8.00 215.2859
8.01 215.2859
8.02 215.2859
8.03 217.6302
8.04 217.6302
8.05 217.6302
8.06 216.0645
8.07 216.0645
8.08 216.0645
8.09 216.8459
8.10 217.6302
8.11 217.6302
8.12 218.4173
8.13 219.2072
8.14 220.0000
8.15 220.7957
8.16 220.7957
8.17 220.7957
8.18 220.7957
8.19 220.7957
8.20 220.7957
8.21 220.7957
8.22 220.0000
8.23 219.2072
8.24 217.6302
8.25 216.8459
8.26 216.8459
8.27 214.5100
8.28 214.5100
8.29 213.7370
8.30 213.7370
8.31 213.7370
8.32 213.7370
8.33 213.7370
8.34 214.5100
8.35 214.5100
8.36 215.2859
8.37 215.2859
8.38 217.6302
8.39 218.4173
8.40 220.7957
8.41 221.5942
8.42 221.5942
8.43 221.5942
8.44 221.5942
8.45 221.5942
8.46 220.7957
8.47 220.7957
8.48 220.0000
8.49 220.0000
8.50 219.2072
8.51 218.4173
8.52 216.8459
8.53 216.8459
8.54 216.8459
8.55 217.6302
8.56 217.6302
8.57 218.4173
8.58 220.0000
8.59 220.7957
8.60 221.5942
8.61 221.5942
8.62 221.5942
8.63 221.5942
8.64 221.5942
8.65 221.5942
8.66 221.5942
8.67 221.5942
8.68 0.0000
8.69 0.0000
8.70 0.0000
8.71 0.0000
8.72 0.0000
8.73 0.0000
8.74 0.0000
8.75 0.0000
8.76 0.0000
8.77 0.0000
8.78 0.0000
8.79 0.0000
8.80 0.0000
8.81 0.0000
8.82 0.0000
8.83 0.0000
8.84 0.0000
8.85 0.0000
8.86 0.0000
8.87 0.0000
8.88 0.0000
8.89 0.0000
8.90 0.0000
8.91 0.0000
8.92 0.0000
8.93 0.0000
8.94 0.0000
8.95 0.0000
8.96 0.0000
8.97 0.0000
8.98 0.0000
8.99 0.0000
9.00 0.0000
9.01 0.0000
9.02 0.0000
9.03 0.0000
9.04 0.0000
9.05 0.0000
9.06 0.0000
9.07 0.0000
9.08 0.0000
9.09 0.0000
9.10 0.0000
9.11 0.0000
9.12 0.0000
9.13 210.6727
9.14 213.7370
9.15 216.0645
9.16 216.8459
9.17 217.6302
9.18 219.2072
9.19 219.2072
9.20 220.7957
9.21 220.7957
9.22 220.7957
9.23 220.7957
9.24 220.7957
9.25 220.7957
9.26 220.0000
9.27 220.0000
9.28 220.0000
9.29 220.0000
9.30 220.0000
9.31 220.0000
9.32 220.0000
9.33 220.0000
9.34 220.0000
9.35 220.0000
9.36 220.0000
9.37 220.0000
9.38 220.0000
9.39 219.2072
9.40 219.2072
9.41 219.2072
9.42 219.2072
9.43 219.2072
9.44 219.2072
9.45 219.2072
9.46 219.2072
9.47 220.0000
9.48 220.0000
9.49 220.0000
9.50 220.7957
9.51 220.7957
9.52 220.7957
9.53 220.7957
9.54 220.7957
9.55 220.7957
9.56 220.0000
9.57 0.0000
9.58 0.0000
9.59 0.0000
9.60 0.0000
9.61 0.0000
9.62 0.0000
9.63 249.6307
9.64 250.5335
9.65 252.3490
9.66 253.2616
9.67 254.1776
9.68 256.0195
9.69 256.9454
9.70 257.8747
9.71 258.8073
9.72 259.7434
9.73 260.6828
9.74 262.5718
9.75 264.4745
9.76 270.2657
9.77 273.2087
9.78 275.1885
9.79 278.1851
9.80 287.3721
9.81 290.5014
9.82 293.6648
9.83 296.8626
9.84 302.2698
9.85 302.2698
9.86 302.2698
9.87 300.0952
9.88 300.0952
9.89 299.0138
9.90 299.0138
9.91 299.0138
9.92 299.0138
9.93 300.0952
9.94 301.1805
9.95 302.2698
9.96 303.3630
9.97 303.3630
9.98 303.3630
9.99 303.3630
10.00 304.4602
10.01 304.4602
10.02 304.4602
10.03 304.4602
10.04 303.3630
10.05 303.3630
10.06 302.2698
10.07 301.1805
10.08 300.0952
10.09 299.0138
10.10 297.9362
10.11 297.9362
10.12 297.9362
10.13 297.9362
10.14 297.9362
10.15 299.0138
10.16 302.2698
10.17 302.2698
10.18 302.2698
10.19 300.0952
10.20 299.0138
10.21 297.9362
10.22 296.8626
10.23 293.6648
10.24 291.5521
10.25 290.5014
10.26 289.4546
10.27 289.4546
10.28 289.4546
10.29 289.4546
10.30 291.5521
10.31 293.6648
10.32 295.7928
10.33 296.8626
10.34 296.8626
10.35 297.9362
10.36 297.9362
10.37 297.9362
10.38 297.9362
10.39 297.9362
10.40 296.8626
10.41 296.8626
10.42 296.8626
10.43 296.8626
10.44 296.8626
10.45 296.8626
10.46 296.8626
10.47 296.8626
10.48 295.7928
10.49 295.7928
10.50 295.7928
10.51 295.7928
10.52 295.7928
10.53 294.7269
10.54 294.7269
10.55 293.6648
10.56 293.6648
10.57 293.6648
10.58 293.6648
10.59 293.6648
10.60 293.6648
10.61 294.7269
10.62 294.7269
10.63 294.7269
10.64 295.7928
10.65 295.7928
10.66 295.7928
10.67 295.7928
10.68 295.7928
10.69 295.7928
10.70 295.7928
10.71 296.8626
10.72 297.9362
10.73 297.9362
10.74 297.9362
10.75 291.5521
10.76 291.5521
10.77 291.5521
10.78 293.6648
10.79 300.0952
10.80 302.2698
10.81 305.5613
10.82 316.7940
10.83 323.7309
10.84 333.2170
10.85 333.2170
10.86 333.2170
10.87 333.2170
10.88 333.2170
10.89 332.0162
10.90 329.6276
10.91 326.0768
10.92 321.4019
10.93 317.9398
10.94 313.3815
10.95 308.8886
10.96 306.6664
10.97 304.4602
10.98 303.3630
10.99 302.2698
11.00 300.0952
11.01 300.0952
11.02 297.9362
11.03 295.7928
11.04 295.7928
11.05 295.7928
11.06 295.7928
11.07 296.8626
11.08 297.9362
11.09 299.0138
11.10 299.0138
11.11 299.0138
11.12 299.0138
11.13 293.6648
11.14 0.0000
11.15 0.0000
11.16 0.0000
11.17 0.0000
11.18 0.0000
11.19 0.0000
11.20 0.0000
11.21 0.0000
11.22 0.0000
11.23 265.4310
11.24 265.4310
11.25 265.4310
11.26 264.4745
11.27 263.5214
11.28 262.5718
11.29 262.5718
11.30 260.6828
11.31 259.7434
11.32 259.7434
11.33 259.7434
11.34 259.7434
11.35 259.7434
11.36 259.7434
11.37 259.7434
11.38 260.6828
11.39 262.5718
11.40 262.5718
11.41 262.5718
11.42 262.5718
11.43 262.5718
11.44 262.5718
11.45 259.7434
11.46 258.8073
11.47 245.1651
11.48 243.4013
11.49 239.9117
11.50 233.9249
11.51 228.9123
11.52 225.6305
11.53 221.5942
11.54 220.7957
11.55 219.2072
11.56 216.8459
11.57 215.2859
11.58 214.5100
11.59 214.5100
11.60 214.5100
11.61 214.5100
11.62 215.2859
11.63 215.2859
11.64 216.0645
11.65 216.8459
11.66 216.8459
11.67 217.6302
11.68 217.6302
11.69 218.4173
11.70 219.2072
11.71 219.2072
11.72 220.0000
11.73 220.0000
11.74 220.0000
11.75 220.7957
11.76 221.5942
11.77 222.3956
11.78 224.8174
11.79 224.8174
11.80 224.8174
11.81 224.0072
11.82 222.3956
11.83 221.5942
11.84 220.7957
11.85 220.0000
11.86 219.2072
11.87 219.2072
11.88 219.2072
11.89 219.2072
11.90 219.2072
11.91 219.2072
11.92 219.2072
11.93 219.2072
11.94 219.2072
11.95 219.2072
11.96 220.0000
11.97 220.0000
11.98 220.0000
11.99 219.2072
12.00 219.2072
12.01 218.4173
12.02 217.6302
12.03 217.6302
12.04 217.6302
12.05 217.6302
12.06 217.6302
12.07 218.4173
12.08 218.4173
12.09 220.0000
12.10 220.0000
12.11 220.7957
12.12 221.5942
12.13 221.5942
12.14 221.5942
12.15 221.5942
12.16 220.7957
12.17 220.0000
12.18 218.4173
12.19 217.6302
12.20 217.6302
12.21 216.8459
12.22 216.8459
12.23 216.8459
12.24 217.6302
12.25 217.6302
12.26 217.6302
12.27 217.6302
12.28 217.6302
12.29 217.6302
12.30 218.4173
12.31 219.2072
12.32 220.0000
12.33 220.7957
12.34 220.7957
12.35 220.7957
12.36 219.2072
12.37 218.4173
12.38 218.4173
12.39 219.2072
12.40 243.4013
12.41 243.4013
12.42 244.2816
12.43 246.0518
12.44 248.7311
12.45 250.5335
12.46 254.1776
12.47 256.9454
12.48 259.7434
12.49 261.6256
12.50 262.5718
12.51 264.4745
12.52 265.4310
12.53 265.4310
12.54 269.2918
12.55 272.2242
12.56 274.1968
12.57 278.1851
12.58 279.1912
12.59 287.3721
12.60 291.5521
12.61 294.7269
12.62 296.8626
12.63 297.9362
12.64 297.9362
12.65 297.9362
12.66 297.9362
12.67 297.9362
12.68 297.9362
12.69 297.9362
12.70 299.0138
12.71 301.1805
12.72 301.1805
12.73 301.1805
12.74 300.0952
12.75 299.0138
12.76 299.0138
12.77 297.9362
12.78 297.9362
12.79 297.9362
12.80 296.8626
12.81 296.8626
12.82 296.8626
12.83 295.7928
12.84 294.7269
12.85 293.6648
12.86 293.6648
12.87 293.6648
12.88 293.6648
12.89 293.6648
12.90 294.7269
12.91 295.7928
12.92 295.7928
12.93 296.8626
12.94 297.9362
12.95 297.9362
12.96 300.0952
12.97 301.1805
12.98 301.1805
12.99 301.1805
13.00 300.0952
13.01 300.0952
13.02 296.8626
13.03 296.8626
13.04 296.8626
13.05 296.8626
13.06 297.9362
13.07 297.9362
13.08 297.9362
13.09 297.9362
13.10 297.9362
13.11 297.9362
13.12 297.9362
13.13 296.8626
13.14 296.8626
13.15 296.8626
13.16 296.8626
13.17 294.7269
13.18 287.3721
13.19 0.0000
13.20 0.0000
13.21 0.0000
13.22 0.0000
13.23 0.0000
13.24 0.0000
13.25 0.0000
13.26 0.0000
13.27 0.0000
13.28 0.0000
13.29 0.0000
13.30 0.0000
13.31 0.0000
13.32 0.0000
13.33 260.6828
13.34 260.6828
13.35 260.6828
13.36 260.6828
13.37 260.6828
13.38 260.6828
13.39 261.6256
13.40 261.6256
13.41 261.6256
13.42 262.5718
13.43 262.5718
13.44 262.5718
13.45 263.5214
13.46 263.5214
13.47 263.5214
13.48 263.5214
13.49 264.4745
13.50 264.4745
13.51 264.4745
13.52 265.4310
13.53 265.4310
13.54 265.4310
13.55 265.4310
13.56 265.4310
13.57 265.4310
13.58 265.4310
13.59 265.4310
13.60 265.4310
13.61 265.4310
13.62 265.4310
13.63 265.4310
13.64 265.4310
13.65 265.4310
13.66 264.4745
13.67 263.5214
13.68 262.5718
13.69 261.6256
13.70 258.8073
13.71 255.0969
13.72 250.5335
13.73 247.8348
13.74 240.7794
13.75 233.9249
13.76 232.2419
13.77 219.2072
13.78 217.6302
13.79 215.2859
13.80 215.2859
13.81 215.2859
13.82 216.8459
13.83 217.6302
13.84 218.4173
13.85 218.4173
13.86 219.2072
13.87 219.2072
13.88 219.2072
13.89 219.2072
13.90 220.0000
13.91 220.0000
13.92 221.5942
13.93 221.5942
13.94 222.3956
13.95 222.3956
13.96 222.3956
13.97 222.3956
13.98 223.2000
13.99 223.2000
14.00 223.2000
14.01 223.2000
14.02 223.2000
14.03 222.3956
14.04 222.3956
14.05 221.5942
14.06 220.7957
14.07 220.7957
14.08 220.7957
14.09 220.7957
14.10 221.5942
14.11 222.3956
14.12 224.0072
14.13 225.6305
14.14 226.4465
14.15 226.4465
14.16 226.4465
14.17 0.0000
14.18 0.0000
14.19 0.0000
14.20 0.0000
14.21 0.0000
14.22 0.0000
14.23 0.0000
14.24 0.0000
14.25 0.0000
14.26 0.0000
14.27 0.0000
14.28 0.0000
14.29 0.0000
14.30 0.0000
14.31 0.0000
14.32 0.0000
14.33 0.0000
14.34 0.0000
14.35 0.0000
14.36 0.0000
14.37 0.0000
14.38 0.0000
14.39 0.0000
14.40 0.0000
14.41 0.0000
14.42 0.0000
14.43 0.0000
14.44 0.0000
14.45 0.0000
14.46 0.0000
14.47 0.0000
14.48 0.0000
14.49 0.0000
14.50 0.0000
14.51 0.0000
14.52 0.0000
14.53 0.0000
14.54 0.0000
14.55 0.0000
14.56 0.0000
14.57 0.0000
14.58 0.0000
14.59 0.0000
14.60 0.0000
14.61 0.0000
14.62 0.0000
14.63 0.0000
14.64 0.0000
14.65 0.0000
14.66 0.0000
14.67 0.0000
14.68 0.0000
14.69 0.0000
14.70 0.0000
14.71 0.0000
14.72 0.0000
14.73 0.0000
14.74 0.0000
14.75 303.3630
14.76 303.3630
14.77 303.3630
14.78 302.2698
14.79 302.2698
14.80 301.1805
14.81 300.0952
14.82 300.0952
14.83 300.0952
14.84 299.0138
14.85 299.0138
14.86 299.0138
14.87 299.0138
14.88 299.0138
14.89 299.0138
14.90 297.9362
14.91 297.9362
14.92 297.9362
14.93 296.8626
14.94 294.7269
14.95 293.6648
14.96 291.5521
14.97 291.5521
14.98 291.5521
14.99 291.5521
15.00 292.6065
15.01 293.6648
15.02 296.8626
15.03 297.9362
15.04 297.9362
15.05 297.9362
15.06 296.8626
15.07 296.8626
15.08 294.7269
15.09 293.6648
15.10 291.5521
15.11 290.5014
15.12 289.4546
15.13 278.1851
15.14 277.1826
15.15 260.6828
15.16 248.7311
15.17 233.9249
15.18 219.2072
15.19 210.6727
15.20 210.6727
15.21 210.6727
15.22 211.4347
15.23 211.4347
15.24 212.9668
15.25 217.6302
15.26 220.0000
15.27 220.7957
15.28 220.7957
15.29 220.7957
15.30 218.4173
15.31 217.6302
15.32 216.8459
15.33 216.8459
15.34 216.8459
15.35 217.6302
15.36 218.4173
15.37 220.0000
15.38 221.5942
15.39 221.5942
15.40 222.3956
15.41 222.3956
15.42 222.3956
15.43 221.5942
15.44 220.7957
15.45 220.0000
15.46 218.4173
15.47 217.6302
15.48 217.6302
15.49 217.6302
15.50 217.6302
15.51 217.6302
15.52 218.4173
15.53 218.4173
15.54 219.2072
15.55 220.0000
15.56 220.0000
15.57 220.0000
15.58 220.0000
15.59 0.0000
15.60 0.0000
15.61 0.0000
15.62 0.0000
15.63 0.0000
15.64 0.0000
15.65 0.0000
15.66 0.0000
15.67 0.0000
15.68 0.0000
15.69 0.0000
15.70 0.0000
15.71 0.0000
15.72 0.0000
15.73 0.0000
15.74 0.0000
15.75 0.0000
15.76 0.0000
15.77 0.0000
15.78 0.0000
15.79 0.0000
15.80 0.0000
15.81 0.0000
15.82 0.0000
15.83 0.0000
15.84 0.0000
15.85 0.0000
15.86 0.0000
15.87 0.0000
15.88 0.0000
15.89 0.0000
15.90 0.0000
15.91 0.0000
15.92 0.0000
15.93 0.0000
15.94 0.0000
15.95 0.0000
15.96 0.0000
15.97 0.0000
15.98 0.0000
15.99 0.0000
16.00 0.0000
16.01 0.0000
16.02 0.0000
16.03 0.0000
16.04 0.0000
16.05 0.0000
16.06 0.0000
16.07 0.0000
16.08 0.0000
16.09 0.0000
16.10 0.0000
16.11 0.0000
16.12 304.4602
16.13 304.4602
16.14 304.4602
16.15 302.2698
16.16 300.0952
16.17 299.0138
16.18 297.9362
16.19 297.9362
16.20 296.8626
16.21 296.8626
16.22 296.8626
16.23 296.8626
16.24 296.8626
16.25 296.8626
16.26 296.8626
16.27 295.7928
16.28 295.7928
16.29 294.7269
16.30 293.6648
16.31 292.6065
16.32 290.5014
16.33 288.4115
16.34 288.4115
16.35 288.4115
16.36 289.4546
16.37 290.5014
16.38 293.6648
16.39 296.8626
16.40 296.8626
16.41 296.8626
16.42 296.8626
16.43 296.8626
16.44 296.8626
16.45 296.8626
16.46 295.7928
16.47 293.6648
16.48 291.5521
16.49 289.4546
16.50 278.1851
16.51 277.1826
16.52 259.7434
16.53 247.8348
16.54 233.9249
16.55 231.4050
16.56 224.8174
16.57 224.8174
16.58 224.8174
16.59 228.0874
16.60 228.0874
16.61 228.0874
16.62 228.0874
16.63 225.6305
16.64 224.8174
16.65 222.3956
16.66 221.5942
16.67 221.5942
16.68 220.7957
16.69 220.7957
16.70 220.7957
16.71 220.7957
16.72 221.5942
16.73 221.5942
16.74 224.0072
16.75 224.0072
16.76 224.0072
16.77 224.0072
16.78 223.2000
16.79 223.2000
16.80 222.3956
16.81 222.3956
16.82 222.3956
16.83 222.3956
16.84 221.5942
16.85 221.5942
16.86 221.5942
16.87 221.5942
16.88 222.3956
16.89 222.3956
16.90 222.3956
16.91 222.3956
16.92 222.3956
16.93 222.3956
16.94 0.0000
16.95 0.0000
16.96 0.0000
16.97 0.0000
16.98 0.0000
16.99 0.0000
17.00 0.0000
17.01 0.0000
17.02 0.0000
17.03 0.0000
17.04 0.0000
17.05 0.0000
17.06 0.0000
17.07 0.0000
17.08 0.0000
17.09 0.0000
17.10 0.0000
17.11 0.0000
17.12 0.0000
17.13 0.0000
17.14 0.0000
17.15 0.0000
17.16 0.0000
17.17 0.0000
17.18 0.0000
17.19 0.0000
17.20 0.0000
17.21 0.0000
17.22 0.0000
17.23 0.0000
17.24 0.0000
17.25 0.0000
17.26 0.0000
17.27 0.0000
17.28 0.0000
17.29 0.0000
17.30 0.0000
17.31 0.0000
17.32 0.0000
17.33 183.6663
17.34 185.6663
17.35 186.3378
17.36 200.2895
17.37 200.2895
17.38 200.2895
17.39 0.0000
17.40 0.0000
17.41 0.0000
17.42 0.0000
17.43 0.0000
17.44 0.0000
17.45 0.0000
17.46 219.2072
17.47 219.2072
17.48 219.2072
17.49 218.4173
17.50 211.4347
17.51 208.4034
17.52 206.1584
17.53 0.0000
17.54 0.0000
17.55 0.0000
17.56 0.0000
17.57 0.0000
17.58 0.0000
17.59 0.0000
17.60 0.0000
17.61 0.0000
17.62 0.0000
17.63 0.0000
17.64 0.0000
17.65 0.0000
17.66 0.0000
